55.354771 6.65502485
55.354771 6.652940350000001
55.354771 6.65085585
55.354771 6.6487713500000005
55.354771 6.64668685
55.354771 6.64460235
55.354771 6.64251785
55.354771 6.64043335
55.354771 6.638348850000001
55.354771 6.63626435
55.354771 6.634179850000001
55.354771 6.63209535
55.371425 6.65502485
55.371425 6.652940350000001
55.371425 6.65085585
55.371425 6.6487713500000005
55.371425 6.64668685
55.371425 6.64460235
55.371425 6.64251785
55.371425 6.64043335
55.371425 6.638348850000001
55.371425 6.63626435
55.371425 6.634179850000001
55.371425 6.63209535
55.388079 6.65502485
55.388079 6.652940350000001
55.388079 6.65085585
55.388079 6.6487713500000005
55.388079 6.64668685
55.388079 6.64460235
55.388079 6.64251785
55.388079 6.64043335
55.388079 6.638348850000001
55.388079 6.63626435
55.388079 6.634179850000001
55.388079 6.63209535
55.40473299999999 6.65502485
55.40473299999999 6.652940350000001
55.40473299999999 6.65085585
55.40473299999999 6.6487713500000005
55.40473299999999 6.64668685
55.40473299999999 6.64460235
55.40473299999999 6.64251785
55.40473299999999 6.64043335
55.40473299999999 6.638348850000001
55.40473299999999 6.63626435
55.40473299999999 6.634179850000001
55.40473299999999 6.63209535
55.421387 6.657109350000001
55.421387 6.65502485
55.421387 6.652940350000001
55.421387 6.65085585
55.421387 6.6487713500000005
55.421387 6.64668685
55.421387 6.64460235
55.421387 6.64251785
55.421387 6.64043335
55.421387 6.638348850000001
55.421387 6.63626435
55.421387 6.634179850000001
55.421387 6.63209535
55.438041 6.657109350000001
55.438041 6.65502485
55.438041 6.652940350000001
55.438041 6.65085585
55.438041 6.6487713500000005
55.438041 6.64668685
55.438041 6.64460235
55.438041 6.64251785
55.438041 6.64043335
55.438041 6.638348850000001
55.438041 6.63626435
55.438041 6.634179850000001
55.438041 6.63209535
55.454695 6.657109350000001
55.454695 6.65502485
55.454695 6.652940350000001
55.454695 6.65085585
55.454695 6.6487713500000005
55.454695 6.64668685
55.454695 6.64460235
55.454695 6.64251785
55.454695 6.64043335
55.454695 6.638348850000001
55.454695 6.63626435
55.454695 6.634179850000001
55.454695 6.63209535
55.471349 6.657109350000001
55.471349 6.65502485
55.471349 6.652940350000001
55.471349 6.65085585
55.471349 6.6487713500000005
55.471349 6.64668685
55.471349 6.64460235
55.471349 6.64251785
55.471349 6.64043335
55.471349 6.638348850000001
55.471349 6.63626435
55.471349 6.634179850000001
55.471349 6.63209535
55.488003 6.657109350000001
55.488003 6.65502485
55.488003 6.652940350000001
55.488003 6.65085585
55.488003 6.6487713500000005
55.488003 6.64668685
55.488003 6.64460235
55.488003 6.64251785
55.488003 6.64043335
55.488003 6.638348850000001
55.488003 6.63626435
55.488003 6.634179850000001
55.488003 6.63209535
55.504657 6.65502485
55.504657 6.652940350000001
55.504657 6.65085585
55.504657 6.6487713500000005
55.504657 6.64668685
55.504657 6.64460235
55.504657 6.64251785
55.504657 6.64043335
55.504657 6.638348850000001
55.504657 6.63626435
55.504657 6.634179850000001
55.504657 6.63209535
55.521311 6.652940350000001
55.521311 6.65085585
55.521311 6.6487713500000005
55.521311 6.64668685
55.521311 6.64460235
55.521311 6.64251785
55.521311 6.64043335
55.521311 6.638348850000001
55.521311 6.63626435
55.521311 6.634179850000001
55.521311 6.63209535
