50
119.0, 198.0, 0.050, 10.0
4.0 0.928 417.47401527978275
4.428571428571429 0.9262995113538374 694.0495666074376
4.857142857142857 0.9245748778384594 962.3840520650674
5.285714285714286 0.9194961294862773 1322.2048694635596
5.714285714285714 0.9127403237156932 1718.3676748298508
6.142857142857142 0.9067072078578651 2197.418385794815
6.571428571428571 0.9023738263758486 2711.1920673266914
7.0 0.8980404448938322 3332.384282938046
7.428571428571429 0.8937070634118157 4043.4355336576573
7.857142857142857 0.8893736819297993 4883.598734844172
8.285714285714285 0.8745779790940768 5831.26207739142
8.714285714285715 0.8549264111498257 6863.6571826394775
9.142857142857142 0.8311932129173509 7983.144742475923
9.571428571428571 0.7976920703486579 9211.75996496359
10.0 0.76622030237581 9879.1025736944
10.428571428571427 0.738024188958452 9991.058590688483
10.857142857142858 0.6337701634159199 9999.588556441719
11.285714285714285 0.5349569707401034 10000.0
11.714285714285714 0.46090724441435355 10000.0
12.142857142857142 0.40567554479418894 10000.0
12.571428571428571 0.36229244306418223 10000.0
13.0 0.31959057971014493 10000.0
13.428571428571429 0.2899876314162028 10000.0
13.857142857142856 0.26123067408781697 10000.0
14.285714285714285 0.23861585782638417 10000.0
14.714285714285714 0.21769993164730006 10000.0
15.142857142857142 0.1987759253594371 10000.0
15.571428571428571 0.18363368002447233 10000.0
16.0 0.16914552238805972 10000.0
16.428571428571427 0.1579514925373135 10000.0
16.857142857142854 0.1470442176870749 10000.0
17.285714285714285 0.1368401360544218 10000.0
17.714285714285715 0.12665605362379553 10000.0
18.142857142857142 0.1178582949308756 10000.0
18.57142857142857 0.1115218894009217 10000.0
19.0 0.10488844621513946 10000.0
19.428571428571427 0.09805862265224818 10000.0
19.857142857142854 0.09122879908935691 10000.0
20.285714285714285 0.08684979204952123 10000.0
20.71428571428571 0.08365799400328854 10000.0
21.142857142857142 0.08046619595705581 10000.0
21.57142857142857 0.07726190476190478 10000.0
22.0 0.0740151515151515 10000.0
22.428571428571427 0.07074647053016092 10000.0
22.857142857142858 0.06719231908381873 10000.0
23.285714285714285 0.06363816763747655 10000.0
23.71428571428571 0.060084016191134376 10000.0
24.142857142857142 0.05667903525046382 10000.0
24.57142857142857 0.053339517625231925 10000.0
25.0 0.05 10000.0
