54.00138884138066 6.421564817995481
54.047575156546536 6.499630576289333
54.055350630480184 6.511138277711137
54.07292320157024 6.521868431739574
54.08085418498256 6.5214019033035555
54.08909618735223 6.521246393824883
54.08847414943754 6.510049711360426
54.08800762100152 6.499008538374642
54.08847414943754 6.486878799038147
54.08862965891621 6.476148645009709
54.05192942194938 6.418454628422021
54.04430945749441 6.4187656473793675
54.03528990773137 6.41892115685804
54.027358924319046 6.419854213730078
54.01693978924796 6.420320742166098
54.00838676792094 6.4209427800807894
54.01398510915317 6.432450481502593
54.02984707597781 6.444269201881741
54.023626696830895 6.433694557331976
54.03357930346596 6.430428858279843
54.03886662574085 6.441003502829608
54.04477598593042 6.434316595246669
54.05301798830009 6.436338218469418
54.0523959503854 6.453133242166103
54.044464966973074 6.451267128422026
54.050529836641324 6.4853237042514165
54.056594706309575 6.493876725578432
54.061882028584456 6.502585256384121
54.06732486033801 6.512226844061848
54.08100969446124 6.504917898564217
54.080076637589194 6.490300007568953
54.06437018024322 6.488278384346204
