54.306887212233796 6.018814706917216
54.3062651743191 6.005751910708683
54.30579864588309 5.992378095542804
54.30502109848972 5.97978182777029
54.303777022660334 5.966408012604411
54.30331049422432 5.953500725874551
54.30206641839493 5.9399714012299984
54.31015291128593 5.940437929666018
54.318083894698255 5.940282420187344
54.32539284019588 5.940282420187344
54.33316831412954 5.940126910708671
54.34078827858451 5.940282420187344
54.34980782834755 5.940126910708671
54.356339226451816 5.940282420187344
54.36442571934281 5.940126910708671
54.37157915536177 5.940282420187344
54.37982115773144 5.940126910708671
54.312019025030004 5.963608841988297
54.32057204635702 5.960032123978817
54.32943608664138 5.956455405969338
54.33736707005371 5.953656235353224
54.344676015551336 5.95039053630109
54.31341861033806 5.983358545779769
54.32212714114375 5.979470808812944
54.3299026150774 5.976516128718156
54.33752257953238 5.97356144862337
54.347008657731436 5.969362692699198
54.34731967668878 5.985691187959865
54.33892216484044 5.988956887011998
54.33099118142811 5.99268911450015
54.32197163166508 5.995332775637591
54.31450717668877 5.99890949364707
54.314662686167445 6.019436744831908
54.32259366957977 6.019281235353235
54.33145770986413 6.004974363315318
54.32974710559873 6.018814706917216
54.33783359848972 6.019281235353235
54.34001073119115 6.005285382272664
54.34825273356082 6.005440891751337
54.34514254398736 6.018814706917216
54.35338454635703 6.01850368795987
54.36084900133333 6.018970216395889
54.3633371529921 6.009173119239489
54.35649473593049 5.999065003125743
54.364581228821486 5.9959548135522835
54.355250660101106 5.982114469950385
54.363492662470776 5.97978182777029
54.35447311270774 5.966408012604411
54.35540616957977 5.952723178481186
54.36271511507741 5.960809671372182
54.37095711744708 5.957388462841376
54.37919911981675 5.9539672543105695
54.37997666721011 5.97309492018735
54.37189017431911 5.975738581324792
54.37266772171248 5.993000133457496
54.3714236458831 6.005751910708683
54.36846896578831 6.019281235353235
54.376088930243284 6.019125725874562
54.38386440417694 6.018814706917216
54.38153176199684 6.00870659080347
54.3812207430395 5.989423415448017
54.38681908427173 5.940593439144691
54.391950897067936 5.9519456310878205
54.39692720038547 5.962831294594931
54.4025255416177 5.97356144862337
54.40719082597789 5.985069150045172
54.412478148252774 5.996421341988302
54.41698792313429 6.007462514974086
54.42196422645183 6.018659197438543
54.41465528095419 6.018659197438543
54.40703531649922 6.018659197438543
54.39879331412955 6.018970216395889
54.39179538758926 6.018970216395889
54.38961825488784 6.00559640123001
54.39801576673618 6.002486211656549
54.40610225962718 6.006840477059394
54.40221452266035 5.993933190329534
54.397082709864144 5.982580998386404
54.389307235930495 5.986313225874556
54.38790765062244 5.969362692699198
