53.13198 1.149815
53.1319333 1.1243217
53.1296117 1.1853833
53.12948 1.1089033
53.1272017 1.1954567
53.127165 1.1699633
53.1150467 1.1693483
53.115005 1.1438633
53.1126367 1.1794183
53.1125983 1.153935
53.15381 1.1611167
53.1078167 1.199555
53.1730433 1.08044
53.1706417 1.0905283
53.16824 1.1006167
53.1054067 1.2096217
53.1199367 1.2001783
53.1126717 1.2049017
53.1005517 1.204275
53.0981417 1.21434
53.1053733 1.1841433
53.1029633 1.19421
53.1295733 1.15989
53.1102283 1.1894867
53.1295283 1.1343967
53.1101917 1.164005
53.1077817 1.1740733
53.134465 1.19073
53.1344283 1.1652333
53.1343867 1.1397383
53.1343383 1.1142433
53.13202 1.1753083
53.1271233 1.1444717
53.1270767 1.1189817
53.1247567 1.1800367
53.1247167 1.1545467
53.1246717 1.1290567
53.1223467 1.1901083
53.12231 1.16462
53.1222667 1.1391317
53.1222183 1.1136433
53.1199017 1.1746917
53.1198617 1.1492033
53.119815 1.1237167
53.1174917 1.1847633
53.1174533 1.1592767
53.11741 1.1337917
53.1150817 1.1948333
53.1633817 1.095275
53.1610283 1.1308717
53.1658367 1.1107017
53.1657833 1.0851883
53.1634333 1.1207867
53.1609783 1.10536
53.1586233 1.1409533
53.1585767 1.1154433
53.1585233 1.089935
53.1562183 1.1510367
53.1561717 1.1255283
53.1561217 1.1000183
53.1537667 1.13561
53.1537183 1.1101033
53.1514033 1.1711967
53.1513617 1.1456917
53.151315 1.120185
53.1512633 1.09468
53.1489933 1.181275
53.148955 1.1557717
53.14891 1.1302667
53.14886 1.1047617
53.1465467 1.1658483
53.146505 1.1403467
53.1464567 1.1148433
53.1441383 1.1759267
53.1440983 1.150425
53.1440533 1.1249233
53.1440017 1.0994233
53.14173 1.1860033
53.1416917 1.1605033
53.1416483 1.1350033
53.1415983 1.1095033
53.1392833 1.17058
53.1392417 1.1450817
53.1391967 1.1195833
53.136875 1.1806567
53.1368367 1.1551583
53.1367917 1.1296617
53.1367417 1.1041633
