53.9988867 -3.3186033
53.9833967 -3.3068417
53.9804433 -3.3012517
53.97748 -3.2956683
53.9745183 -3.2900933
53.9811233 -3.2850533
53.9959267 -3.313
54.0054933 -3.3135733
53.9863733 -3.3124317
53.9952383 -3.32922
53.9922867 -3.3236183
53.9893317 -3.31803
53.992965 -3.3074267
54.0025317 -3.3079667
53.9900117 -3.30182
53.999575 -3.30239
54.00914 -3.3029667
53.987045 -3.2962483
53.996615 -3.2968
54.00618 -3.2973583
53.9840833 -3.29064
53.993655 -3.291215
54.003225 -3.291785
53.990695 -3.2856267
54.0002633 -3.286175
53.987735 -3.2800283
53.9972833 -3.2805967
53.984765 -3.27445
53.99433 -3.2750117
53.991375 -3.2694117
