51.57825836800627 1.458316324774073
51.581796836045044 1.4507778493871135
51.5864122291391 1.4441624526189656
51.589950697177876 1.437085516541412
51.59410455096253 1.4300085804638583
51.59779686543777 1.4247778016239272
51.57795067513333 1.482008675990231
51.58148914317211 1.4747778934762086
51.58533530408382 1.4681624967080606
51.589181464995534 1.4606240213211013
51.593181472343716 1.4537009316800162
51.59702763325543 1.446777842038931
51.60487380151533 1.4323162770108866
51.60856611599058 1.4253931873698016
51.61256612333876 1.4187777906016534
51.63379693157142 1.4107777759052886
51.626719995493865 1.413393165325254
51.62302768101862 1.4206239478392761
51.619181520106906 1.4275470374803614
51.61148919828348 1.4420086025084058
51.60718149806236 1.4489316921494908
51.60364303002358 1.4563163210999817
51.5996430226754 1.4633932571775352
51.59579686176368 1.470162500382152
51.59256608659784 1.477393282896174
51.58841223281319 1.4841625261007907
51.584873764774414 1.4912394621783442
51.580566064553295 1.498624091128835
51.57687375007805 1.5058548736428572
51.57595067145924 1.5297010712954837
51.57933529306155 1.5224702887814616
51.5834891468462 1.5155471991403764
51.58764300063085 1.508008723753417
51.59133531510609 1.5009317876758634
51.59525839923604 1.493931774816543
51.59910456014775 1.4867779155207543
51.602950721059464 1.4793932865702626
51.60648918909824 1.4726240433656455
51.61056611966466 1.4657009537245596
51.614412280576374 1.4583163247740678
51.618335364706326 1.4512393886965136
51.622027679181556 1.4443162990554277
51.62595076331151 1.4375470558508103
51.633489238698466 1.4227777979498273
51.64018155868485 1.4322393537926446
51.63633539777314 1.4394701363066675
51.632720006516124 1.4466239956024562
51.62887384560441 1.4536240084617764
51.62487383825623 1.4609317141940337
51.62118152378098 1.4678548038351196
51.6171815164328 1.4750855863491426
51.613719971612255 1.4820855992084627
51.609412271391136 1.4892394585042514
51.60564303369765 1.4962394713635716
51.602258412095345 1.5033933306593603
51.59825840474716 1.5106241131733833
51.590489159705506 1.5246241388920236
51.59448916705369 1.5173933563780007
51.58295068431854 1.5388549342653668
51.58679684523026 1.5315472285331095
51.579181446625064 1.5457011006882184
51.575104516058644 1.55308572963871
51.57787375191508 1.569701144777316
51.58164298960856 1.562470362263293
51.59241224016136 1.5647011355920872
51.59633532429131 1.5577780459510016
51.58587376661145 1.5553934261857385
51.58925838821376 1.548316490108184
51.600181485203024 1.5507780330916814
51.60441226220591 1.5438549434505955
51.59310454912547 1.541316477248864
51.59718147969188 1.534085694734841
51.6120276608111 1.5299318409501894
51.60779688380822 1.5368549305912753
51.600950717385366 1.527393374748458
51.61556612884988 1.5226241352179322
51.60879688564526 1.5126241168474748
51.60479687829708 1.519931822579732
51.61948921297983 1.5151625830492064
51.61656613068693 1.498470244692366
51.612566123338745 1.505931796861092
51.62341229710978 1.5082394934081205
51.627181534803256 1.501162557330566
51.62018152194394 1.491777924705983
51.63118154215144 1.4941625444712459
51.624027682855655 1.4844702189737256
51.639027710411334 1.4795471330067311
51.63479693340845 1.4868548387389884
51.62810461342207 1.4775471293326397
51.64248925523188 1.4727009665838795
51.63156615824261 1.4706240396915538
51.6465661857983 1.4654701840698565
51.63933540328427 1.455931705008805
51.63548924237256 1.4633163339592965
51.650258500273544 1.4587778640834737
51.647104648325936 1.442008602508399
51.64333541063245 1.4490855385859533
51.654258507621726 1.451393235132982
51.65095080923765 1.4346239735579074
51.65787389887874 1.4442393758371934
51.665027758174524 1.4538547781164795
51.6714893085062 1.4634701803957653
51.66748930115802 1.4707778861280225
51.660720057953405 1.4610855606305024
51.663873909901014 1.4775471293326399
51.653489275439384 1.474624047039737
51.65672005060522 1.4681624967080569
51.66010467220753 1.4848548350648971
51.64564310717949 1.4893933049407202
51.649027728781796 1.4820086759902285
51.65610466485935 1.4915471550512802
51.6414123301766 1.496547164236509
51.648181573381216 1.5060087200793262
51.6521815807294 1.4987779375653032
51.63818155501076 1.5032394842228918
51.64441233568774 1.5133933490298177
51.62987384744146 1.5179318189056408
51.63418154766258 1.510547189955149
51.640720021212495 1.5204702851073721
51.626027686529746 1.5250087549831952
51.63279692973436 1.5343933876077782
51.63710462995548 1.5271626050937552
51.62225844883626 1.5320856910607497
51.6250276846927 1.5483934133264186
51.61864305757925 1.539393396793007
51.629104615259116 1.5413164772488641
51.6142584341399 1.5467780257434987
51.61756613252397 1.5627780551362302
51.62156613987215 1.5553165029675045
51.61087381253759 1.5532395760751787
51.606796881971185 1.5603165121527331
51.60310456749594 1.5675472946667561
51.614258434139906 1.5695472983408476
51.62418152929213 1.5721626877608135
51.62825845985855 1.5647011355920877
51.63179692789733 1.5581626620421731
51.63618155133668 1.5508549563099159
51.63972001937546 1.54393186666883
51.643566180287166 1.536701084154807
51.647643110853586 1.5293933784225495
51.651027732455894 1.5225472119996981
51.65810466853345 1.5317779981878126
51.6544123540582 1.5387010878288985
51.65025850027355 1.5464703328705613
51.65695082025994 1.5559318887133786
51.66087390438988 1.54877802941759
51.67464316045382 1.5441626363235328
51.66433544921043 1.5417010933400355
51.66872007264978 1.534316464389544
51.67910470711141 1.536970315418627
51.68341240733253 1.5295087632499011
51.672027771033854 1.527124143484638
51.66172005979046 1.524970293374078
51.65479697014938 1.5149702750036207
51.65864313106109 1.5081241085807693
51.66610468322982 1.5173548947688837
51.662489291972804 1.5011240957214491
51.669720074486825 1.5105087283460321
51.67633547125497 1.5202779770617867
51.68702779858954 1.5227395200452838
51.690643189846554 1.5148933517853864
51.680104708948456 1.5135087338571693
51.684181639514875 1.5057394888155062
51.677104703437315 1.4968933187185631
51.67341238896207 1.503508715486712
51.66633545288452 1.4942779292985975
51.67041238345094 1.4870471467845745
51.67433546758088 1.4800471339252543
51.678181628492595 1.4731240442841684
51.681181634003735 1.4892779201133688
51.685335487788386 1.48158559828994
51.688335493299526 1.4989702456108887
51.698873974197625 1.501431788594386
51.694643197194736 1.508662571108409
51.69148934524713 1.4926625417156771
