53.99380607490231 6.746942103967975
53.987673398909564 6.746942103967975
53.98238986266966 6.746847755106549
53.97295497652698 6.746942103967975
53.96701099825709 6.74713080169083
53.96106701998719 6.747036452829402
53.961916159740035 6.760433991152016
53.97059625499131 6.758641362784906
53.980125489995416 6.75760352530921
53.987767747770995 6.757792223032064
53.99239084198091 6.768264946650445
53.9856920728196 6.769397132987567
53.977861117321176 6.768925388680433
53.96927537093133 6.770057575017556
53.96304834607716 6.773171087444641
53.96606750964282 6.784870346261572
53.97606848895406 6.780247252051656
53.9832390024225 6.780530298635936
53.990786911336656 6.779586810021668
53.98861688752383 6.791003022254317
53.981163327471116 6.79213520859144
53.974558907171236 6.791474766561452
53.972200185635565 6.802796629932675
53.97889895479687 6.803174025378382
53.98654121257244 6.80204183904126
53.994089121486596 6.801381397011272
53.9846542353439 6.813646748996764
53.977483721875466 6.817232005730983
53.9702188595456 6.814307191026751
53.99163605108949 6.81883593637524
53.98512597965104 6.826006449843682
53.99229649311948 6.831478683806439
53.97823851276688 6.829591706577902
53.97078495271416 6.827704729349365
53.971256697021296 6.840913569949125
53.9789933036583 6.842140105147673
53.98720165460244 6.84525361757476
53.99286258628805 6.844121431237638
53.99352302831804 6.856198085500275
53.98069158316398 6.8569528763916905
53.968897975485625 6.8512919447060785
53.97069060385274 6.864312087582985
53.978804605935444 6.869029530654328
53.98606946826531 6.868746484070047
53.994466516932306 6.8688408329314745
53.99597609871513 6.881389231501246
53.98823949207813 6.8812948826398195
53.98059723430256 6.881200533778393
53.972860627665554 6.877143532737038
53.97474760489409 6.88997497789109
53.982861606976805 6.893748932348164
53.98956037613811 6.894220676655299
53.997108285052256 6.894220676655299
53.976540233261204 6.902334678738009
