53.3334686172515 0.7750720865485
53.3344323303742 0.78742106167947
53.3351046883668 0.80189917045371
53.3354632792962 0.816063512164732
53.3258261480688 0.77262918584201
53.3267674492585 0.783566209188495
53.3286500516378 0.795489357590811
53.3286500516378 0.809205460640091
53.3255123810056 0.820994137443885
53.3201335170647 0.800016568074397
53.3184750340163 0.773077424503751
53.3187439772133 0.813553375658981
53.3154718349826 0.825566171793645
53.311213567696 0.798178789561258
53.3105860335696 0.783252442125276
53.3106308574358 0.772674009708184
53.3092861414506 0.813060313131066
53.3057450560228 0.82682124004652
53.3008592546098 0.812746546067847
53.3033693911156 0.796878897442209
53.3031900956509 0.785000572906067
53.3021591467289 0.772718833574358
53.2944046178807 0.772584361975836
53.2954355668027 0.784014447850236
53.2950321520072 0.79678924970986
53.2940012030852 0.821397552239452
53.299111123829 0.83367929157116
53.2875465663561 0.79526523825994
53.287770685687 0.780697481753351
53.2801058045712 0.78383515238554
53.280060980705 0.796520306512816
53.2832434752034 0.80875722197835
53.2753992986229 0.805798846810858
53.2771026055375 0.81920118279692
53.282122878549 0.831751865325673
53.2858432594415 0.821218256774755
53.289070577806 0.844078428523556
53.2803299239021 0.84488525811469
53.2693032528232 0.81462914844716
53.2626244967633 0.820008012388054
53.2551389111122 0.818618472536657
53.2670172356484 0.83345517224029
53.2580972862797 0.834441297296121
53.2715444461319 0.845109377445561
53.2629830876927 0.845243849044083
53.2533459564653 0.845602439973477
53.2511047631566 0.829017609489052
53.2424985808511 0.829286552686097
53.2456810753495 0.842330297742766
53.2379713703675 0.844930081980865
53.2494911039743 0.856180872390569
53.2417813989924 0.856898054249355
53.2585007010753 0.854746508672997
53.2339372224119 0.857256645178748
53.2372541885088 0.868328140123755
53.2461293140112 0.867386838934099
53.2433502343084 0.878861748674673
53.2347888758692 0.8800271691952
53.2298134267238 0.87088310049568
53.2264068128946 0.881640828377468
53.2319649723002 0.891322783471078
53.2228209036007 0.893653624512132
53.2279308243445 0.902797693211653
53.2349233474677 0.907638670758458
53.2393609102189 0.892801971054824
53.2474740299965 0.889888419753506
53.244784598026 0.901273681761733
53.2420503421894 0.913465773361093
53.249793665071 0.919539407227686
53.2517098853499 0.907324903695239
53.2546458485843 0.894359600404375
53.2530994252013 0.881977007373774
53.2607194824509 0.880385760124593
53.2567077464283 0.924223501242881
53.2596437096627 0.910843577189907
53.2631287652578 0.929994574012799
53.267297384812 0.916502590294389
53.2628598220607 0.899648816612921
53.2706815867081 0.903380403471916
53.2669948237153 0.88974274218844
53.2696506377861 0.878469539845649
53.2754329165226 0.890303040515617
53.2789291780842 0.879141897838261
53.2646415707412 0.869359089045759
53.2731468993477 0.867375632967555
53.2677007996076 0.856987701981703
53.2772314741528 0.85656747823632
53.2812656221085 0.867913519361644
53.2851652984656 0.8559959739426
53.2746555025936 0.832845847809486
53.2467022190508 0.818776756814084
