54.5391199361615 7.640613405192959
54.538651094906484 7.65350653970575
54.53876830522024 7.666399674218541
54.53853388459273 7.678706757162568
54.539002725847745 7.691248260734101
54.53853388459273 7.703789764305634
54.53876830522024 7.715745216308403
54.53876830522024 7.727935088938678
54.53888551553399 7.740593802823964
54.53853388459273 7.753252516709249
54.53876830522024 7.765794020280783
54.538717533304265 7.777986525960499
54.53298236923241 7.777839470471477
54.527394260649565 7.778133581449522
54.52798248260565 7.765633864882646
54.532835313743384 7.765339753904602
54.53342353569947 7.752987092826747
54.52754131613859 7.7534282592938135
54.52754131613859 7.740928542726938
54.533276480210446 7.74107559821596
54.533276480210446 7.728575881649084
54.52798248260565 7.728428826160062
54.528129538094674 7.715929109593186
54.53312942472142 7.71622322057123
54.53342353569947 7.70342939302631
54.528129538094674 7.703723504004355
54.52768837162761 7.6913708429265
54.53298236923241 7.691076731948456
54.533276480210446 7.678871126359625
54.52768837162761 7.6790181818486465
54.52768837162761 7.666371409792749
54.53312942472142 7.666371409792749
54.53342353569947 7.640563171469374
54.5276148438831 7.640563171469374
54.52783542711663 7.653430526758806
54.533276480210446 7.653577582247827
54.522467901767335 7.640489643724862
54.51680626543998 7.640563171469374
54.5115857955797 7.6407102269583955
54.50614474248588 7.640489643724862
54.506071214741375 7.6535040545033155
54.505997686996864 7.666371409792747
54.50592415925235 7.678724070870601
54.505997686996864 7.691150259692966
54.51173285106872 7.691076731948455
54.5115857955797 7.678724070870601
54.511438740090675 7.666371409792747
54.5115857955797 7.6535040545033155
54.51687979318449 7.653430526758805
54.522762012745375 7.653430526758805
54.522467901767335 7.666371409792747
54.51710037641803 7.666077298814703
54.51687979318449 7.67865054312609
54.522467901767335 7.678503487637068
54.51710037641803 7.691150259692966
54.52261495725635 7.691150259692966
54.522467901767335 7.70350292077082
54.52232084627831 7.716002637337696
54.51717390416254 7.716002637337696
54.51702684867352 7.7035764485153315
54.511438740090675 7.703649976259842
54.511879906557745 7.715929109593185
54.50621827023039 7.716149692826718
54.50621827023039 7.70350292077082
54.52243113789509 7.728318534543295
54.51691655705676 7.728355298415551
54.51176961494099 7.728208242926528
54.505850631507855 7.728355298415551
54.505924159252366 7.740891778854682
54.511696087196476 7.7406344317488935
54.51687979318451 7.740781487237915
54.52276201274539 7.7406344317488935
54.522541429511854 7.75313414831577
54.517247431907066 7.753060620571258
54.511622559451965 7.753170912188025
54.50632856184718 7.753023856699003
54.506144742485894 7.7654500455213675
54.511732851068736 7.765486809393623
54.51702684867353 7.765486809393623
54.52257819338411 7.765486809393623
