53.3858967 -3.6719283
53.3747383 -3.6224783
53.3874817 -3.6789917
53.38028 -3.6905417
53.378825 -3.684085
53.3773783 -3.6776417
53.3759217 -3.671185
53.3687167 -3.6392533
53.3779267 -3.6365983
53.3763283 -3.6295367
53.3744667 -3.664745
53.37301 -3.6582883
53.3715617 -3.6518333
53.370105 -3.6453917
53.37314 -3.6154217
53.3795167 -3.6436717
53.381105 -3.65073
53.381715 -3.6099983
53.3843 -3.6648517
53.3849483 -3.6243283
53.3865667 -3.6314917
53.3881917 -3.638665
53.3897967 -3.645825
53.3914117 -3.6529933
53.3890783 -3.6860667
