54.40566907961155 7.639827894024261
54.40640435705666 7.654092276459402
54.41155129917244 7.668209603405521
54.417286463244295 7.682473985840661
54.42302162731615 7.696444257297759
54.428168569431925 7.7105615842438775
54.43375667801477 7.724678911189996
54.47070436963158 7.6402322966190725
54.470998480609616 7.654202568076169
54.47088818899285 7.668319895022288
54.4712558277154 7.682510749712918
54.46059430476131 7.682400458096152
54.46055754088905 7.668283131150033
54.45996931893296 7.6543128596929355
54.4599325550607 7.64008524113005
54.46541037202678 7.640048477257795
54.45438121035012 7.640158768874562
54.449160740489816 7.6400484772577935
54.44382997901276 7.640085241130048
54.449160740489816 7.654312859692934
54.43827863430218 7.654239331948423
54.449491615340115 7.668356658894542
54.43868303689699 7.668246367277775
54.43835216204669 7.639974949513282
54.433094928314155 7.639974949513282
54.43883009238601 7.682253402607127
54.44956514308463 7.682400458096149
54.44963867082914 7.696591312786779
54.4500798372962 7.710488056499365
54.438903620130525 7.710708639732898
54.43360962252573 7.696444257297757
54.42787445845387 7.682179874862616
54.42787445845387 7.668062547916497
54.42787445845387 7.6538716932258675
54.42780093070936 7.63990142176877
54.42235987761554 7.639827894024259
54.41684529677722 7.639827894024259
54.41677176903271 7.654018748714889
54.4713293554599 7.696591312786778
54.460594304761294 7.696370729553245
54.460557540889035 7.710671875860641
54.471586702565695 7.710561584243875
54.46610888559962 7.724825966679016
54.45552089039003 7.724495091828716
54.471844049671475 7.738833002008369
54.46103547122836 7.738796238136113
54.4446571661385 7.724605383445483
54.411100941737324 7.640023968009621
