54.00706493735222 6.505248356206398
54.01484041128587 6.505092846727725
54.0221493567835 6.504470808813032
54.029458302281135 6.504626318291705
54.03459011507734 6.5176891145002385
54.04314313640435 6.516911567106874
54.05138513877402 6.529352325400715
54.05869408427166 6.528885796964695
54.058227555835636 6.54148206473721
54.066158539247965 6.541171045779864
54.073622994224266 6.541326555258537
54.08155397763659 6.541171045779864
54.089018432612896 6.540393498386498
54.08917394209157 6.553145275637685
54.081864996593936 6.553145275637685
54.07408952266029 6.553611804073705
54.06584752029062 6.554233841988396
54.058227555835636 6.554078332509723
54.05620593261289 6.566985619239583
54.06367038758919 6.566052562367545
54.07082382360815 6.565586033931527
54.077355221712416 6.5657415434101996
54.08575273356076 6.565430524452854
54.07580012692569 6.578337811182713
54.06818016247071 6.578337811182713
54.060093669579715 6.578959849097405
54.052940233560754 6.579737396490771
54.05045208190199 6.592333664263284
54.057916536878295 6.59155611686992
54.06584752029062 6.5910895884339
54.05620593261289 6.602597289855703
54.05029657242331 6.610528273268027
54.04314313640435 6.619703332509735
54.03676724777876 6.619236804073716
54.035834190906726 6.606951555258548
54.043609664840375 6.606485026822528
54.043609664840375 6.59264468322063
54.03661173830009 6.593422230613996
54.0377003046508 6.580514943884135
54.04532026910578 6.580203924926789
54.04905249659393 6.566674600282237
54.0417435510963 6.5679186761116215
54.033812567683974 6.568229695068967
54.026037093750325 6.568540714026313
54.018883657731365 6.568540714026313
54.01188573119108 6.569473770898352
54.00395474777876 6.569162751941006
54.00753146578824 6.541948593173228
54.00722044683089 6.529352325400715
54.00706493735222 6.517378095542893
54.01484041128587 6.5167560576282
54.022304866262175 6.516445038670854
54.01484041128587 6.529352325400715
54.02665913166502 6.531373948623464
54.03474562455602 6.530596401230098
54.04329864588303 6.529974363315406
54.05091861033801 6.542415121609247
54.05091861033801 6.554389351467069
54.04283211744701 6.555633427296454
54.04314313640435 6.54257063108792
54.03521215299203 6.542881650045267
54.03443460559867 6.555633427296454
54.02774769801573 6.543348178481286
54.01950569564606 6.543659197438632
54.019661205124734 6.556410974689818
54.01110818379772 6.556099955732472
