54.092737023704466 6.82076784569565
54.09286910708106 6.837367781491809
54.09155922616636 6.857629507973812
54.093124983776974 6.87829927120735
54.09278868760212 6.903993515173343
54.09350886686785 6.922477343186127
54.08683128158743 6.924517186375267
54.085726773734905 6.905156818065204
54.087213901885725 6.884775101804532
54.083750221837136 6.856341987402463
54.0844562352625 6.836871536379177
54.075455672676 6.8470005283977855
54.07910001090991 6.875022307736562
54.077446874022506 6.903113677692158
54.07912846160566 6.922524593934196
54.071768890929874 6.927731103147171
54.062720510406265 6.923925955217885
54.07048664973369 6.911311516728222
54.07112127250978 6.8841134264714405
54.06952213675236 6.859376889237601
54.06233566467917 6.866997488433861
54.0521903040591 6.881783085630179
54.05684690243514 6.906376257470709
54.04977716848404 6.922985341044381
54.042179630824734 6.925357717629678
54.045274464707155 6.8963025548977335
54.03758694840835 6.9040059987612326
54.030970507842035 6.916860663760978
54.02394083924348 6.924619870037777
54.06108284888174 6.891076777303447
