53.4148483 -3.4350417
53.4151483 -3.459665
53.4162367 -3.4232317
53.4165433 -3.44786
53.416845 -3.4725
53.417935 -3.4360483
53.4182417 -3.4606933
53.4193233 -3.4242533
53.4075867 -3.46943
53.4089717 -3.4576383
53.4103683 -3.44582
53.4106667 -3.470455
53.4117583 -3.43402
53.41206 -3.4586433
53.4131467 -3.4222133
53.413455 -3.4468517
53.4137533 -3.47147
53.4196267 -3.4488817
53.4199267 -3.4735233
53.4210133 -3.4370733
53.42132 -3.461715
53.4224067 -3.4252583
53.4227117 -3.4499017
53.4230117 -3.4745333
53.424105 -3.4380967
53.4244083 -3.4627233
53.4254967 -3.4262817
53.4258017 -3.4509267
53.4271933 -3.4391183
53.428585 -3.4273017
