53.48612863346688 0.6982065519895034
53.48255177102873 0.7086305510949776
53.49926082841839 0.7066377277365782
53.47938369286923 0.7192589423397747
53.47606232060523 0.7298362355497412
53.48904122145224 0.7381652152271543
53.49665482864202 0.7305516080373717
53.504830514214945 0.7227336087082661
53.472638752271564 0.7402091366203846
53.469368478042384 0.7506842337606892
53.465996007743556 0.7613126250054864
53.462419145305404 0.771838820180622
53.45919996911107 0.7824161133905884
53.47529585008275 0.7800656037883736
53.483573731725336 0.7725541926682525
53.49123843694995 0.7647361933391469
53.45577640077738 0.792737916426401
53.452455028513384 0.8034685037408597
53.44918475428422 0.8137392087418415
53.442490911721386 0.8348937951617744
53.438914049283234 0.8453688923020793
53.43564377505407 0.8557417933727227
53.432322402790064 0.8664212826523503
53.428745540351905 0.8768452817578245
53.42210279582391 0.8976932799687727
53.44857157786624 0.8643773612591201
53.46206145906156 0.8220681884192546
53.469930556425496 0.8145056792643027
53.47749306558045 0.8068409740396894
53.49323126030832 0.7913071714511397
53.47166788960974 0.8409744613066341
53.487406084337614 0.8256450508574074
53.481376516227584 0.8599829302636751
53.46614930184802 0.8755167328522249
53.45817800841442 0.8828748498678536
53.442848597965195 0.8985108485260648
53.434979500601266 0.906175553750678
53.41832154124644 0.9082194751439083
53.415460051295916 0.9185412781797209
53.41157660064878 0.9289652772851951
53.40953267925555 0.9528791575859886
53.421489619405946 0.9481781383815591
53.428949932491236 0.9407178252962688
53.43712561806416 0.9328487279323324
53.44509691149776 0.924775238429073
53.452455028513384 0.9173149253437828
53.46042632194698 0.9094458279798464
53.46778443896261 0.90157673061591
53.46962396821652 0.928352100867226
53.461959262991904 0.9361190021615008
53.45409016562797 0.9437837073861142
53.44622106826403 0.951550608680389
53.4388629512484 0.9590109217656793
53.43109604995413 0.9666756269902926
53.41055463995217 0.9662668427116465
53.42353354079918 0.9746469204238906
53.415357855226254 0.9821072335091808
53.47565353632653 0.8942186136002813
53.48515777080505 0.9131248864876609
53.47698208523213 0.9210961799212588
53.50058937732394 0.8974888878294497
53.5086628668272 0.8904373590228054
53.49098294677576 0.8788892031510547
53.498749848070034 0.8711223018567799
53.506312357224985 0.8634575966321665
53.4967059266768 0.8446535198144485
53.516429768121476 0.8824660655892076
53.52358349299778 0.8744947721556098
53.5219483558832 0.8479237940436168
53.51213753319569 0.8291197172258988
53.52000663055963 0.821352815931624
53.502837690856495 0.8102134443385193
53.49864765200037 0.7572758802538566
53.506823337573294 0.7491001946809357
53.51448804279791 0.7414354894563223
53.52654717901797 0.7368366663215543
53.52716035543594 0.7503265475168738
53.51622537598215 0.7684152518469612
53.51203533712602 0.7149667074139909
53.52491204190337 0.7234489811958964
53.52767133578424 0.7633054483638857
53.52899988468984 0.7764887413502207
53.52991964931679 0.7902852107545247
53.517758317027074 0.7948840338892927
53.53104380608307 0.8031619155318752
53.53186137464036 0.8165496006575331
53.532883335336976 0.8298350897135296
53.53390529603359 0.8432227748391875
53.534825060660545 0.8562016756861994
53.53145259036172 0.8668300669309965
