54.08004093424646 6.940829014200166
54.09268368167766 6.940829014200166
54.07268172305517 6.959132693316977
54.06702079136956 6.964793625002588
54.06211465057536 6.974417208868127
54.056265021166894 6.984984281347935
54.05041539175843 6.997060935610573
54.04475446007282 7.007628008090381
54.05022669403558 7.017817685124482
54.05683111433546 7.006873217198966
54.06173725512965 6.9959287492734505
54.067964279983826 6.984418188179374
54.07400260711515 6.973473720253859
54.07966353880076 6.962151856882636
54.08664535454634 6.9515847844028285
54.0921175885091 6.962151856882636
54.08570186593207 6.973096324808151
54.07985223652361 6.983474699565106
54.09230628623195 6.983474699565106
54.08607926137778 6.994419167490621
54.07438000256085 6.994607865213474
54.06739818681527 7.005741030861844
54.07928614335505 7.004608844524721
54.091740193063394 7.004797542247576
54.08570186593207 7.015175917004529
54.07438000256085 7.0159307078959445
54.06211465057536 7.017062894233066
54.05683111433546 7.028007362158582
54.06834167542954 7.027441268990021
54.079474841077904 7.026309082652898
54.09249498395481 7.0259316872071915
54.086456656823486 7.036310061964145
54.07438000256085 7.038008341469829
54.06211465057536 7.038197039192682
54.067586884538116 7.048198018503929
54.08022963196932 7.048575413949637
54.09155149534054 7.0466884367211
54.0868340522692 7.059331184152298
54.07400260711515 7.058953788706591
54.08060702741503 7.069332163463545
54.09324977484622 7.069332163463545
54.08626795910064 7.080465329111915
