53.14142 0.4396117
53.1398283 0.4906917
53.1377583 0.4786867
53.1373467 0.459295
53.1369283 0.43988
53.1353083 0.4691367
53.1346917 0.4905583
53.1348917 0.4497217
53.13448 0.430305
53.1332233 0.4789667
53.132855 0.4595617
53.132445 0.44015
53.1308167 0.4694033
53.1304 0.4499883
53.1302133 0.4305883
53.12877 0.4792283
53.12854 0.49005
53.1283617 0.4598283
53.1279533 0.4404167
53.1773083 0.503665
53.1743333 0.5174717
53.1710033 0.5035667
53.1823267 0.4900067
53.2032883 0.4326667
53.1984583 0.4326767
53.1887967 0.4326967
53.183965 0.4327067
53.179135 0.4327167
53.1743033 0.4327267
53.2033017 0.4601783
53.1984717 0.4601883
53.1936417 0.460195
53.18881 0.4602017
53.18398 0.4602083
53.1791483 0.460215
53.1743183 0.4602217
53.1694867 0.46023
53.2353933 0.46195
53.22954 0.4644383
53.223675 0.4668983
53.21782 0.46937
53.1442833 0.468605
53.2433 0.4730383
53.2049783 0.474785
53.1511133 0.4890017
53.1574217 0.4892017
53.1636467 0.4894067
53.1698733 0.4896117
53.1761 0.4898017
53.2372567 0.4755817
53.15236 0.4748233
53.1575167 0.475045
53.163935 0.4753417
53.17036 0.4756367
53.1767783 0.4759333
53.183205 0.47626
53.1922067 0.4767333
53.198625 0.47706
53.2312233 0.478125
53.1466383 0.4781783
53.2251817 0.4806683
53.2191483 0.48321
53.213105 0.4857517
53.24534 0.4866483
53.20708 0.48829
53.239235 0.48918
53.19478 0.4904017
53.2010067 0.4906067
53.23312 0.491755
53.14497 0.49099
53.227015 0.494315
53.2209017 0.496905
53.214805 0.4994617
53.2473783 0.50017
53.2418433 0.5024867
53.21295 0.4326467
53.20812 0.4326567
53.1694733 0.4327367
53.19343 0.4333667
53.1459117 0.4393417
53.2129583 0.4464083
53.2081283 0.4464167
53.2032967 0.4464233
53.1984667 0.4464333
53.193635 0.4464417
53.188805 0.4464483
53.1839733 0.4464583
53.1791433 0.4464667
53.1743117 0.446475
53.1694817 0.4464833
53.143875 0.4491867
53.2412583 0.4594883
53.14633 0.4587617
53.2129667 0.460175
53.2081383 0.4601617
53.126325 0.46967
53.126005 0.4502617
53.1260083 0.430875
53.168615 0.5174567
53.1647067 0.5034533
53.1398 0.4688717
53.1393833 0.4494533
53.1389617 0.4301117
53.143445 0.4303633
53.142245 0.4784467
53.1418383 0.4590283
53.2361667 0.5048867
53.2306217 0.5072167
53.22522 0.5094933
53.1964933 0.5155767
53.2193383 0.5119617
53.2131917 0.514265
53.2086917 0.502035
53.2075183 0.51693
53.2025 0.5039533
53.20173 0.51746
53.1961967 0.50396
53.1914717 0.5174533
53.18991 0.5038617
53.1857617 0.517455
53.183605 0.5037633
53.1800433 0.517455
53.162905 0.5174583
53.1584117 0.5033567
53.157195 0.5174583
53.152115 0.5032583
53.1514683 0.51746
53.14581 0.50316
53.1394233 0.5030517
