51.441514527058445 1.5775088514280968
51.44407863433292 1.5871498947801275
51.44715556306229 1.5824319373950912
51.43823246974711 1.582226808813133
51.437206826837325 1.5961755523862837
51.43474528385383 1.5867396376162113
51.44079657702159 1.5916627235832057
51.432283740870325 1.5915601592922266
51.43423246239893 1.6010986383532781
51.425309369083756 1.600790945480341
51.4284888621041 1.5960729880953048
51.43105296937858 1.6056114671563564
51.42233500464536 1.6054063385743984
51.42469398333788 1.6148422533444708
51.427463219194316 1.6102268602504137
51.41884781875207 1.6100217316684555
51.42130936173557 1.619560210729507
51.41218113983844 1.619355082147549
51.415360632858786 1.6146371247625129
51.41792474013326 1.6241756038235644
51.40930933969102 1.6236627823686691
51.41177088267452 1.6329961328477627
51.40602728237969 1.6285858683356635
51.41495037569487 1.6286884326266426
51.417719611551306 1.637714090232799
51.407976003908296 1.637816654523778
51.41402729707606 1.6426371761997933
51.40510420376088 1.6417140975809819
51.411052932637666 1.6474576978758086
51.416591404350534 1.652278219551824
51.40766831103536 1.652073090969866
51.41361703991214 1.6568936126458813
51.40428368943305 1.656380791190986
51.410642675473746 1.6613038771579804
51.41279652558431 1.670637227637074
51.40725805387144 1.6659192702520378
51.40387343226913 1.670739791928053
51.40623241096165 1.6805859638620417
51.40951446827298 1.6756628778950473
51.415360632858786 1.680791092444
51.424181161882984 1.681098785316937
51.41833499729718 1.6759705707679846
51.42151449031753 1.6712526133829484
51.42787347635823 1.6762782636409217
51.424899111919835 1.6664320917069328
51.430129890759765 1.6718679991288226
51.43351451236208 1.6669449131618281
51.43689913396439 1.66243208435875
51.440078626984736 1.6577141269737137
51.4373093911283 1.6483807764946201
51.44387350575096 1.6530987338796566
51.44069401273061 1.6428423047817515
51.44592479157054 1.6473551335848298
51.443668377169004 1.6391499903065057
51.44992479891872 1.643765383400563
51.44684787018935 1.6339192114665742
51.4524889061932 1.6395602474704218
51.45607865637747 1.6348422900853856
51.45023249179166 1.6300217684093703
51.45351454910299 1.6250986824423759
51.45710429928726 1.6203807250573397
51.45423249913984 1.6111499388692252
51.45771968503313 1.6062268529022308
51.4549504491767 1.596688373841179
51.44941197746383 1.5919704164561428
51.445822227279564 1.596688373841179
51.451976084738305 1.6013037669352364
51.44315555571411 1.6014063312262155
51.44879659171796 1.6063294171932097
51.4397709341118 1.6058165957383146
51.44541197011565 1.6105345531233508
51.45146326328341 1.6156627676723032
51.44797607739012 1.6202781607663606
51.44192478422236 1.6153550747993661
51.436796569673405 1.6101242959594346
51.43330938378012 1.6151499462174082
51.438950419783964 1.6199704678934235
51.444591455787815 1.6248935538604177
51.44141196276746 1.6299192041183912
51.43566836247264 1.6244832966965015
51.430129890759765 1.6197653393114653
51.42695039773942 1.6243807324055226
51.432693998034246 1.629508946954475
51.43823246974711 1.6343294686304903
51.43546323389068 1.6387397331425895
51.42930937643194 1.6339192114665742
51.423976033301024 1.6290986897905588
51.420796540280676 1.6333038257206998
51.426335011993544 1.6383294759786733
51.43197604799739 1.6433551262366468
51.422745261809276 1.6429448690727306
51.419668333079905 1.6478679550397248
51.42889911926802 1.6478679550397248
51.43515554101774 1.6527910410067193
51.4314632265425 1.6572013055188184
51.42787347635823 1.6620218271948337
51.425309369083756 1.6525859124247613
51.42223244035438 1.6569961769368604
51.41915551162501 1.6619192629038548
51.4157708900227 1.6667397845798702
