54.27407471223379 5.827538048149411
54.27438573119114 5.839978806443252
54.274696750148486 5.851486507865055
54.275007769105834 5.863305228244204
54.27454124066981 5.875590477059372
54.274696750148486 5.8872536879598485
54.27454124066981 5.899072408338997
54.27438573119114 5.910424600282127
54.28091712929541 5.910424600282127
54.28884811270773 5.910891128718146
54.296779096120055 5.910735619239473
54.303932532139015 5.910424600282127
54.310619439721954 5.911046638196819
54.318550423134276 5.910735619239473
54.325703859153236 5.910269090803454
54.3328572951722 5.910735619239473
54.34078827858452 5.909958071846108
54.34763069564613 5.9105801097608
54.35509515062243 5.910269090803454
54.362404096120066 5.910113581324781
54.38230930939021 5.927375133457486
54.37764402503002 5.915089884642317
54.341410316499214 5.830026199808179
54.345920091380734 5.840600844357944
54.351207413655615 5.852264055258419
54.356805754887844 5.8653268514669525
54.362093077162726 5.877301081324775
54.36706938048026 5.889897349097288
54.372512212233815 5.902338107391129
54.35696126436652 5.8916079533626915
54.34918579043286 5.873102325400604
54.344053977636655 5.857551377533302
54.33783359848974 5.840600844357944
54.33503442787362 5.829715180850832
54.32150510322907 5.8292486524148135
54.30828679754186 5.828782123978795
54.29522400133333 5.8292486524148135
54.28185018616745 5.828315595542776
54.28884811270774 5.840600844357944
54.304710079532384 5.840600844357944
54.31264106294471 5.84091186331529
54.32103857479305 5.840756353836617
54.32959159612007 5.840756353836617
54.33503442787362 5.857084849097283
54.32617038758926 5.857240358575956
54.31839491365561 5.85692933961861
54.31046393024329 5.8573958680546285
54.30299947526698 5.85692933961861
54.29553502029068 5.857240358575956
54.28138365773143 5.849464884642305
54.28138365773143 5.873724363315295
54.29522400133333 5.873102325400604
54.30299947526698 5.873102325400604
54.31061943972196 5.87294681592193
54.32570385915324 5.8732578348792766
54.33332382360822 5.873568853836622
54.34094378806319 5.8734133443579495
54.34949680939021 5.892229991277384
54.341876844935236 5.891763462841364
54.33332382360822 5.891452443884019
54.32617038758926 5.891763462841364
54.318239404176936 5.892074481798711
54.31077494920063 5.891763462841364
54.30331049422433 5.8916079533626915
54.29553502029068 5.891763462841364
54.28744852739968 5.891918972320037
54.30336233071721 5.925146164263171
