54.391735572026676 7.641059483744814
54.38776507382308 7.64076537276677
54.38327988140791 7.640912428255792
54.3785741057592 7.640912428255792
54.37423596883305 7.640912428255792
54.369530193184346 7.640838900511281
54.365192056258195 7.64076537276677
54.36004511414242 7.640838900511281
54.39482373729614 7.652897450611092
54.39886776324425 7.663485445820681
54.402764733703336 7.673485219074182
54.40798520356362 7.6856908246630145
54.41173511853368 7.697014097317714
54.41511739478119 7.705028621469418
54.40688228739595 7.706058009892572
54.39835306903267 7.707602092527304
54.391735572026676 7.708999119673013
54.3845298530646 7.7101755635851905
54.401514762046645 7.6879701847428565
54.39541195925223 7.689734850611122
54.38960326743586 7.687896656998346
54.39710309737598 7.674220496519292
54.39195615526021 7.6598825863396405
54.39180909977119 7.6749557739644025
54.38761801833406 7.662309001908504
54.38166227102867 7.66054433604024
54.386368046677376 7.6759851623875575
54.38136816005062 7.677161606299734
54.37548594048974 7.67120585899434
54.376882967635446 7.6603972805512175
54.37203013649772 7.660470808295728
54.367544944082546 7.660103169573174
54.36269211294482 7.661720779952416
54.360118641886935 7.670544109293741
54.36291269617835 7.678705688934466
54.36622144468135 7.688705462187967
54.37158897003065 7.689367211888566
54.37600063470131 7.695690597916515
54.38210343749573 7.693484765581185
54.369089026717276 7.6992199296530455
54.3557069772163 7.6408634097594526
54.351442368034654 7.640765372766771
54.346883647874975 7.6408634097594526
54.35207960848709 7.6522847194068335
54.358501031507714 7.651549441961723
54.356246180676045 7.660078660325004
54.37359872838065 7.712332377424182
54.3767849306428 7.725616389932509
54.38276518719636 7.726204611888598
54.3885983882609 7.727381055800774
54.37997113290494 7.73703769957989
54.38570629697681 7.766130177158089
54.384064177349394 7.757306847816764
54.38237303922564 7.7477482410303296
54.38666215765546 7.739415096652413
54.39024050788833 7.745885538169385
54.390828729844415 7.7654439182093205
54.39528941301142 7.765051770238595
54.39602469045653 7.744562038768186
54.395142357522396 7.726572250611153
54.40131868806132 7.725199732713613
54.40146574355035 7.745738482680363
54.40038733663085 7.764316492793485
54.40553427874662 7.763875326326419
54.41063220236605 7.7630420118886265
54.41523994102208 7.762845937903264
54.41362233064284 7.742405224929196
54.40661268566612 7.744611057264527
54.40754403709659 7.72426838128314
54.4151419040294 7.724023288801437
54.41965160569275 7.7159352369052225
54.42435738134145 7.72848397196844
54.42994548992429 7.738238652740237
54.4246514923195 7.741032707031656
54.4185241802769 7.747846278023013
54.43367089564617 7.752110887204653
54.42921021247917 7.7575029218021285
54.42479854780851 7.761718512487429
54.420680994115884 7.7620126234654725
54.37804409326759 7.7123507593603104
