53.3137867377636 1.34050134565612
53.3084414917224 1.33150855750493
53.3022389892405 1.33885406857422
53.3038022215733 1.32172574871243
53.296465114979 1.32171734423752
53.2973475848443 1.35009925600065
53.2903550617211 1.33803043003327
53.2892120531337 1.32182660241132
53.3098534435068 1.34979669490398
53.3057184418523 1.35907523520202
53.2923721356989 1.36142848817616
53.2853123767765 1.34929242640952
53.3017179117962 1.36845462919895
53.2974820564428 1.37783402319589
53.287363068654 1.37272410245204
53.2802696918319 1.36072251228392
53.2733107866084 1.3482838894206
53.2782526178541 1.33698827514472
53.2821186763116 1.3216921308128
53.2748235920918 1.32175936661206
53.2673604183738 1.32182660241132
53.2660829381878 1.33631591715211
53.2601325699532 1.32175936661206
53.2610402532432 1.34764514932762
53.2683017195634 1.35954588579685
53.2752942426866 1.3719172728609
53.2823876195087 1.38408695252718
53.2934815263867 1.38717979929319
53.2892120531337 1.39649195749086
53.2852115230776 1.40566964409002
53.2772104629655 1.39528171310416
53.270251557742 1.38321288713678
53.2633598883177 1.37077426427346
53.2560311861983 1.35890714570387
53.2471224427962 1.35130950038735
53.2515600055474 1.34129136629744
53.2427857337438 1.3609242196817
53.2385162604907 1.37084150007272
53.2510893549526 1.37016914208011
53.2460802879076 1.38139752055673
53.2583844391724 1.38223796804749
53.2533417542278 1.39339911072485
53.2410712208627 1.39286122433076
53.2341123156391 1.3805906909656
53.2298680558108 1.39046594898208
53.2255313467584 1.40029918462403
53.2211694242814 1.41011561131616
53.2168663331286 1.41991522905848
53.2125968598756 1.42968122890117
53.2262121092259 1.42662200003478
53.2312547941705 1.4153263857589
53.2361966254162 1.40403077148303
53.2434917096361 1.41593150795225
53.2383817888922 1.4271935043285
53.2485343945806 1.40463589367638
53.2507531759563 1.429059297758
53.2536443153245 1.44297710820506
53.2613932411893 1.44282582765673
53.2687555612084 1.44289306345599
53.2623681602786 1.42921057830634
53.2730586523612 1.43354728735868
53.2674108452232 1.41771325663268
53.2771264182165 1.42430236496027
53.2724535301678 1.40655211395532
53.2810597124733 1.41512467836112
53.2653937712454 1.39468499538572
53.2557622430012 1.33144972618058
