54.497669262418 6.320738656780753
54.503824563427635 6.319087234558656
54.51028012302311 6.319387493144491
54.51613516544691 6.319237363851574
54.521840078577796 6.3189371052657375
54.52874602605202 6.319387493144491
54.5344509391829 6.3189371052657375
54.54090649877838 6.31878697597282
54.54060624019254 6.3328991295071075
54.54045611089962 6.347011283041395
54.54060624019254 6.361123436575683
54.54060624019254 6.374635072938299
54.54075636948546 6.388597097179669
54.54075636948546 6.40240899212812
54.54090649877838 6.416821404248243
54.534601068475816 6.41051597394569
54.5285958967591 6.411116491117362
54.522290466456546 6.40751338808733
54.51673568261858 6.406012095158151
54.510129993730196 6.404210543643136
54.50442508059931 6.40240899212812
54.497669262418 6.4013580870776945
54.49196434928712 6.398655759805171
54.4859591775704 6.39580330323973
54.47965374726785 6.3928007173813715
54.47364857555113 6.387846450715078
54.468243921006085 6.392950846674289
54.460887585653104 6.391149295159273
54.461337973531855 6.377637658796658
54.46704288666274 6.368479771928663
54.473198187672374 6.358721367888996
54.479203359389096 6.349413351728082
54.48565891898457 6.339654947688415
54.491664090701285 6.3301968022345845
54.49796952100384 6.334100163850451
54.50367443413472 6.332749000214189
54.510880640194785 6.333349517385861
54.51658555332566 6.333799905264615
54.522290466456546 6.33349964667878
54.52829563817326 6.334550551729205
54.534601068475816 6.334250293143369
54.534601068475816 6.349263222435164
54.534300809889984 6.364126022434042
54.5344509391829 6.379739468897509
54.5344509391829 6.39580330323973
54.52874602605202 6.396253691118484
54.522440595749465 6.392650588088453
54.51628529473983 6.391899941623864
54.51043025231603 6.3900983901088475
54.50412482201347 6.388747226472586
54.49781939171092 6.387396062836324
54.491664090701285 6.38484386485672
54.48550878969165 6.3821415375841966
54.479803876560766 6.378238175968329
54.468093791713166 6.380339986069181
54.473198187672374 6.373584167887873
54.47875297151034 6.363675634555288
54.48580904827748 6.353466842636867
54.491513961408366 6.343858567890118
54.49811965029676 6.347011283041395
54.50367443413472 6.346711024455559
54.510580381608946 6.347311541627231
54.5168858119115 6.348212317384739
54.52214033716363 6.34881283455641
54.52829563817326 6.349713610313918
54.52889615534494 6.365627315363222
54.5285958967591 6.380790373947935
54.522590725042384 6.378538434554166
54.522740854335304 6.362924988090699
54.51703594120442 6.362924988090699
54.50997986443728 6.361723953747354
54.50427495130639 6.360973307282765
54.49811965029676 6.361123436575683
54.49196434928712 6.35691981637398
54.48565891898457 6.367729125464073
54.491513961408366 6.370731711322432
54.49781939171092 6.373734297180791
54.503824563427635 6.374184685059545
54.510129993730196 6.3756859779887245
54.51643542403275 6.376586753746232
