51.9901885 2.0818755
51.9953576 2.0044712
51.99467 2.0199433
51.9932598 2.0357589
51.9911226 2.0669893
51.9964289 1.9888046
51.9871976 2.0979386
51.9876762 1.9716857
51.9867231 1.9871568
51.9857087 2.0027453
51.9847498 2.0185672
51.9814624 2.0653178
51.9804869 2.0806032
51.979387 2.0965702
51.9774333 1.9905833
51.9775667 1.9758167
51.9776 1.9542
51.9748526 2.0166425
51.9718182 2.0633203
51.9707833 2.0792432
51.969724 2.0948572
51.9735 1.9237
51.9697167 1.9577
51.9677 1.9082667
51.9642833 1.9848833
51.960046 2.0931164
51.9526833 1.9841833
51.9647 1.9184667
51.9617 1.9980833
51.962 1.9472833
51.9612833 1.9698833
51.9579 1.8891667
51.9525485 2.0602569
51.9514309 2.0757973
51.9558 1.9131833
51.9517 1.9984
51.9544 1.8746833
51.9509 1.9638833
51.9524 1.8985833
51.9511 1.9407667
51.9489 1.8840833
51.9454 1.9733833
51.947 1.908
51.9458 1.9500833
51.9418465 2.0740958
51.9407727 2.0897375
51.9412667 1.9982667
51.9435 1.8933833
51.9423 1.9354
51.9402833 1.9594833
51.9378833 1.9835833
51.9399833 1.8788833
51.9353394 2.0255254
51.9381 1.9029833
51.9369 1.9446167
51.9331757 2.0568868
51.9321581 2.0723689
51.9346833 1.9688833
51.9310811 2.0879522
51.9323833 1.9927833
51.9347 1.8884833
51.9336 1.9296833
51.9315 1.9540833
51.9290833 1.97805
51.9312 1.8738833
51.9266277 2.0081392
51.9293 1.8978833
51.9282 1.9392
51.9256407 2.0238284
51.9236007 2.0550519
51.9259 1.9633833
51.9225252 2.0708945
51.9214869 2.0864181
51.9237 1.9874333
51.9247 1.9246
51.9227 1.9486
51.9203 1.9725833
51.9223 1.8688
51.9194 1.9339833
51.9204 1.8927833
51.9170417 2.0064933
51.9160439 2.022087
51.9171 1.9578667
51.912877 2.0689258
51.9148 1.9819833
51.9169833 1.8782833
51.9159 1.9191833
51.9115 1.9671
51.9135 1.8637833
51.9115833 1.8875667
51.9104 1.9285833
51.9074628 2.004774
51.9064002 2.0203944
51.9082 1.9524
51.9060833 1.9765667
51.9081 1.8728833
51.9070333 1.9137833
51.9047833 1.9376667
51.902 1.9876
51.9026 1.9617833
51.9027 1.8824833
51.9014 1.9229
51.8976204 2.0105863
51.8993 1.9470833
51.8964 1.9963833
51.8970833 1.9709833
51.8993 1.8679833
51.8685 1.9267667
51.8959 1.9323167
51.8806 1.8971833
51.8603 1.8982
51.8894 1.9027833
51.8981833 1.9079833
51.8722 1.9094
51.8837 1.9119
51.8643 1.9126833
51.8926 1.9173833
51.8781 1.9222833
51.8871 1.9267667
51.88 1.9372833
51.8904167 1.9416
51.8723 1.9412833
51.8846 1.9511833
51.8936 1.9561833
51.8762 1.9555833
51.8881 1.9659667
51.8802 1.9698
51.8697 1.8502167
51.8962833 1.855
51.8816167 1.85745
51.8617 1.8587833
51.8904 1.8629
51.8763 1.8669667
51.8851 1.8721833
51.894 1.8773833
51.8634833 1.8865667
51.8718 1.8946833
51.8925 1.9818833
51.8842 1.9842
51.8881 1.9984833
