54.45983668060267 6.260987198199411
54.465241335147724 6.270145085067406
54.47034573110693 6.279302971935401
54.4759005149449 6.288610988096314
54.48145529878286 6.2977688749643095
54.48565891898456 6.314583355771121
54.47499973918739 6.332298612335439
54.47109637757152 6.3384539133450755
54.46764340383441 6.34400869718304
54.46389017151146 6.349563481021003
54.45713435333015 6.360522919404015
54.45278060383553 6.366978478999487
54.44902737151258 6.372833521423287
54.4449738806038 6.379138951725841
54.441370777573766 6.385894769907148
54.43491521797829 6.383642830513379
54.4283095290899 6.38139089111961
54.422904874544855 6.379439210311676
54.41539840989896 6.377787788089579
54.40969349676808 6.375385719402892
54.403237937172605 6.3732839093020415
54.39753302404173 6.371332228494108
54.38972630080999 6.369380547686174
54.394680567476286 6.3620242123331945
54.39873405838507 6.355118264858969
54.40248729070802 6.349413351728087
54.40609039373805 6.343558309304287
54.410143884646835 6.337252879001732
54.414347504848536 6.331247707285014
54.418400995757324 6.32494227698246
54.422154228080274 6.319387493144496
54.432963537170366 6.30227275375185
54.43701702807915 6.296868099206803
54.44047000181626 6.2908629274900845
54.444823751310885 6.284557497187531
54.44857698363383 6.278702454763731
54.45233021595678 6.2726972830470125
54.45593331898681 6.266541982037376
54.46208861999644 6.275849998198289
54.468093791713166 6.287409953752972
54.461337973531855 6.294766289105952
54.45533280181514 6.287860341631726
54.45022840585593 6.29191383254051
54.457734870501824 6.3010717194085055
54.44317232908878 6.301672236580178
54.456533836158485 6.318036329508234
54.473048058379455 6.316084648700301
54.465241335147724 6.328545380012491
54.45788499979474 6.33815365475924
54.45187982807803 6.330196802234589
54.434314700806624 6.3256929234470505
54.42845965838283 6.31908723455866
54.4248565553528 6.329596285062917
54.43956922605875 6.33304925880003
54.44422323413921 6.344158826475958
54.45052866444176 6.349863739606841
54.44347258767462 6.356619557788148
54.437467415957904 6.348812834556415
54.43191263211994 6.341156240617599
54.429810822019085 6.351515161828938
54.4173500907069 6.343708438597204
54.40939323818225 6.355568652737722
54.40458910080887 6.360072531525262
54.413897116969785 6.366678220413651
54.41780047858565 6.360673048696933
54.4241059088882 6.356619557788148
54.425757331110304 6.369981064857846
54.43206276141286 6.371782616372862
54.43611625232164 6.365477186070308
54.442271553331274 6.368179513342831
54.4466253028259 6.319237363851578
