51.7749 1.9268667
51.7828 1.9316833
51.7671 1.9219833
51.7468 1.9335833
51.7753 1.9401833
51.7546833 1.9394833
51.7355 1.9427167
51.7833833 1.9448833
51.7627 1.9440833
51.7914 1.9493833
51.7705 1.9486833
51.7434 1.9481
51.7785 1.9531667
51.7511 1.9537833
51.7591 1.9590833
51.7415 1.9599833
51.7945 1.9625
51.7669 1.9646833
51.8025 1.9671833
51.7484 1.9689667
51.7748 1.9704
51.7328688 1.969573
51.8084115 2.0153808
51.7435577 2.0231899
51.7504509 2.0239577
51.7574 1.9737833
51.7825833 1.9757667
51.7646833 1.9775667
51.7726 1.9820833
51.7512833 1.9823
51.7894167 1.9852833
51.7973 1.9863833
51.7594 1.9854833
51.7804167 1.9874167
51.738993 1.9877262
51.8087 1.9941833
51.7699 1.9931833
51.7551833 1.9951
51.794 1.9977833
51.802 1.9985
51.7862167 1.9985
51.7778 1.9983833
51.7635 1.9982667
51.7577124 2.0253692
51.7445 2.0060101
51.7646238 2.0267379
51.7861835 2.0294683
51.7932973 2.0305302
51.8003855 2.0315505
51.8075916 2.0326889
51.8145782 2.0337064
51.7497985 2.040997
51.8136141 2.0508666
51.8207078 2.0518921
51.794244 2.0133578
51.801492 2.0140957
