54.49989488420245 7.64265871218794
54.49261563749585 7.640232296619075
54.487615750869104 7.640011713385542
54.48268939198687 7.642585184443429
54.47724833889305 7.643099878655006
54.47717481114854 7.654937845521283
54.47746892212658 7.669716922168001
54.47732186663756 7.68383424911412
54.477542449871095 7.698319214782794
54.47768950536011 7.71295123594049
54.48305703070942 7.7122159584953796
54.484159946877085 7.6969221876370835
54.48239528100882 7.682731332946454
54.48276291973138 7.668319895022291
54.48313055845393 7.655305484243838
54.48930688899286 7.652732013185951
54.49460088659765 7.653981984842639
54.49967430096891 7.653981984842639
54.500262522925 7.670305144124089
54.494674414342164 7.668834589233868
54.48835102831421 7.670452199613111
54.49085097162759 7.684495998814719
54.499012551268315 7.683466610391564
54.50018899518049 7.697289826359639
54.49533616404276 7.6986868535053485
54.48952747222639 7.6981721592937715
54.4889392502703 7.714936485042288
54.49460088659765 7.715010012786799
54.499380189990866 7.713245346918534
54.477836560849134 7.7247892028067655
54.47798361633816 7.7360389477169536
54.48401289138806 7.733318421170045
54.48673341793497 7.725745063485409
54.494306775619606 7.731627283046292
54.499821356457936 7.728833228754873
54.4996007732244 7.752215051509381
54.49320385945194 7.75280327346547
54.48636577921241 7.752435634742914
