53.994157650622384 6.492166121313041
53.99400214114371 6.503673822734842
53.99431316010106 6.514714995720625
53.99400214114371 6.526222697142426
53.99431316010106 6.5378859080429015
53.99431316010106 6.54923809998603
53.99446866957973 6.560901310886504
53.98778176199679 6.492166121313041
53.98093934493518 6.491699592877022
53.973941418394894 6.492166121313041
53.96709900133328 6.503518313256169
53.96041209375034 6.514870505199298
53.95356967668873 6.526533716099772
53.94688276910579 6.538041417521574
53.94019586152285 6.549393609464703
53.9405068804802 6.561056820365177
53.94019586152285 6.572253502829633
53.940351371001526 6.583761204251435
53.9405068804802 6.594802377237218
53.940662389958874 6.6061545691803465
53.94019586152285 6.617817780080821
53.94688276910579 6.617817780080821
53.95356967668873 6.606465588137692
53.96041209375034 6.595113396194564
53.96741002029063 6.583294675815416
53.96709900133328 6.594802377237218
53.960567603229016 6.605999059701674
53.95325865773138 6.617662270602148
53.96072311270769 6.617351251644802
53.96741002029063 6.6061545691803465
53.97378590891622 6.594646867758545
53.97378590891622 6.5834501852940885
53.980783835456506 6.5834501852940885
53.98778176199679 6.572409012308306
53.98778176199679 6.560901310886504
53.98062832597783 6.5605902919291585
53.980783835456506 6.571942483872287
53.97425243735224 6.57209799335096
53.96709900133328 6.572564521786979
53.959790055835654 6.57209799335096
53.96072311270769 6.583139166336743
53.95356967668873 6.58298365685807
53.954191714603425 6.594957886715891
53.94734929754181 6.606621097616365
53.94719378806314 6.59542441515191
53.947504807020486 6.5834501852940885
53.947038278584465 6.571942483872287
53.9543472240821 6.571786974393614
53.95388069564608 6.561056820365177
53.947504807020486 6.561056820365177
53.94719378806314 6.549393609464703
53.95356967668873 6.549082590507357
53.953725186167404 6.5378859080429015
53.96041209375034 6.5377303985642286
53.960567603229016 6.526533716099772
53.96772103924798 6.526533716099772
53.96694349185461 6.515026014677971
53.97425243735224 6.5151815241566435
53.973941418394894 6.503518313256169
53.98093934493518 6.50305178482015
53.98731523356077 6.503518313256169
53.98778176199679 6.514870505199298
53.980783835456506 6.514559486241952
53.98047281649916 6.526222697142426
53.97378590891622 6.526533716099772
53.97425243735224 6.537108360649536
53.96741002029063 6.537263870128209
53.9675655297693 6.549082590507357
53.96025658427167 6.549393609464703
53.96041209375034 6.560434782450486
53.967254510811955 6.560279272971813
53.97378590891622 6.560434782450486
53.973630399437546 6.549082590507357
53.981094854413854 6.548927081028684
53.98793727147547 6.54923809998603
53.98793727147547 6.5378859080429015
53.98047281649916 6.538196927000247
53.98778176199679 6.526067187663753
