51.46595046938422 1.0367386272410566
51.460027381580176 1.044123256191548
51.46633508547539 1.0482771099761996
51.4614119995084 1.0545848138714111
51.455796604577294 1.0500463439955883
51.450642748955595 1.0559694317996284
51.44579658620684 1.0622002124766057
51.45733506894198 1.0592002069654685
51.46287354065485 1.0630463678771829
51.46779662662184 1.0566617407637369
51.46887355167712 1.0669694520071313
51.46395046571013 1.0731233094658743
51.45664275997787 1.0712002290100173
51.45271967584792 1.0758156221040744
51.44679658804388 1.07196946119236
51.4479504363174 1.0815079402534118
51.44179657885865 1.078123318651103
51.44318119678687 1.0895079549497777
51.44902736137268 1.0915079586238692
51.453719677684965 1.0857387172562976
51.45879661008843 1.0792771669246175
51.47025816960534 1.076738700722886
51.465181237201875 1.083431020709269
51.47102740178768 1.0867387190933433
51.466027392602456 1.0928925765520863
51.45879661008843 1.0885848763309662
51.454950449176714 1.0953541195355834
51.46064276732606 1.0991233572290635
51.47195048040649 1.0968925839002692
51.467258164094204 1.102507978831372
51.47318125189824 1.106738755834258
51.4674889337489 1.1138156919118125
51.46171969238134 1.1092002988177552
51.463027387091316 1.1189695475335097
51.45710429928727 1.1156618491494352
51.45610429745023 1.105661830778978
51.45002736320972 1.1018156698672636
51.445027354024496 1.106507986179555
51.45102736504677 1.1115079953647837
51.44579658620684 1.1178926224782297
51.45202736688381 1.1218157066081782
51.458027377906085 1.1253541746469555
51.45302736872086 1.1317388017604013
51.4481812059721 1.1375849663462072
51.44702735769859 1.128431103376327
