54.43521652919352 6.133757907780963
54.422066849103906 6.134312053868601
54.42859589406506 6.14373733555712
54.422146753574346 6.1534434534985705
54.415569020993594 6.161720208801146
54.413638745041744 6.134376724628178
54.411187434519015 6.1492024525345705
54.405049405198184 6.134287520719172
54.404666557740136 6.158473370859955
54.40847820782599 6.173778576931494
54.400951625281984 6.186648652580422
54.39970111646431 6.171401186861046
54.3964995034179 6.15487216327957
54.396295156758114 6.134185842809652
54.388703607125386 6.143373923249844
54.381743778976904 6.134632908842495
54.37825762640416 6.147952713404107
54.3865756934482 6.164726217046313
54.39142161803013 6.184635338407543
54.39227326199258 6.199282844006391
54.383312454190104 6.213163582883842
54.382038999417766 6.198910700512907
54.38289901161098 6.178879617775946
54.37444060837168 6.176951974878331
54.375422203914916 6.161603380671704
54.374878769456416 6.2258061982275255
54.36930869669197 6.20853189567865
54.36837627130454 6.149884384403824
54.373136048002536 6.135250078820093
54.3645760184199 6.134031590367204
54.35490492709939 6.143761139437362
54.35712154410814 6.1569434639156295
54.36066585124152 6.182395005838504
54.35906713931191 6.199104265299951
54.36373779115024 6.225356661676532
54.36738099604186 6.237385579439254
54.35732906145399 6.251729540441994
54.3576302215138 6.237466815283099
54.350702947101496 6.261530046745018
54.3430714971867 6.271813163427022
54.33557335889841 6.283234197065694
54.329905545306985 6.291122320925347
54.32968160448136 6.265943015318163
54.33616840156981 6.258257721308302
54.32944481529477 6.2410458825991695
54.3351561836456 6.225237611778449
54.34341311648955 6.246953471375593
54.347644350091485 6.233994208625932
54.346718033412074 6.219214514311677
54.35502700708538 6.211236810596335
54.346591879467 6.202235287519062
54.32987777769842 6.212526340154474
54.32980321982635 6.1997987183748595
54.33837345219092 6.1943854216528695
54.350552036644366 6.186845396618339
54.33226357322334 6.181754330795683
54.3298161314463 6.16488568332347
54.3392474322483 6.161227863126853
54.34965529979308 6.1644315367458535
54.344196847617305 6.148881959169528
54.347712327070106 6.134444093207264
54.33877843273704 6.134894852596483
54.330027770346604 6.134652689104853
54.329959040954435 6.146803647922859
