55.50319539283763 7.796368081946878
55.49821102945487 7.797596607565263
55.49322680353863 7.798840637915905
55.488242404479664 7.800068523253674
55.483266971413826 7.801295816916671
55.47828253688424 7.802523064881535
55.47329823917465 7.803765810209411
55.468313769021734 7.80499241906807
55.50328218623315 7.80523174893915
55.49829772887518 7.8064591590518715
55.49331340787176 7.807702074323248
55.48832891490346 7.8089288448360925
55.483353387989986 7.810155026028998
55.47836885961668 7.81138115984861
55.4733844669522 7.8126227914565645
55.46839990302136 7.813848286849567
55.5033683382904 7.814095463973497
55.49838378707529 7.815321758516842
55.49339937110273 7.816563558644603
55.48841478434315 7.817789214268837
55.483439163699806 7.819014282928116
55.47845454160075 7.820239302538866
55.473470054099295 7.821479820362752
55.46848539650844 7.822704202226615
55.503453849001865 7.8229592266939765
55.49846920404772 7.824184405604308
55.493484693224076 7.825425090524258
55.48850001279123 7.826649631196423
55.483524298535826 7.827873587258617
55.478539582828994 7.829097492597122
55.473555000608506 7.830336896572947
55.46857024947556 7.831560164844365
55.50353871836013 7.8318230367446215
55.49855397978506 7.833047099958507
55.49356937422837 7.834286669606602
55.48858460024031 7.835510095263315
55.483608792490635 7.836732938665144
55.47862398329403 7.837955729668149
55.47363930647245 7.839194019732049
55.46865446191535 7.840416174347842
55.50362294635781 7.840686893769438
55.498638114279906 7.841909841223572
55.49365341410826 7.843148295535895
55.488668546683044 7.844370606113952
55.483692645556914 7.845592336792315
55.47870774298851 7.846814013396693
55.47372297168381 7.848051189484979
55.46873803382049 7.849272230382147
55.50370653298757 7.8495507974124585
55.498721607524956 7.850772629043636
55.49373681285643 7.8520099679565005
55.48875185211212 7.8532311633928265
55.48377585772736 7.854451781284746
55.47879086190518 7.855672343427522
55.47380599623531 7.85690840547666
55.46882096518372 7.85812833259233
55.50378947824213 7.858414747317614
55.49880445951296 7.859635463062887
55.49381957046564 7.860871686512655
55.488834516520306 7.862091766744376
55.48385842899474 7.863311271787006
55.478873340036806 7.864530719405382
55.473888380119746 7.865765667351964
55.468903255997844 7.866984480623442
55.50387178211431 7.867278743128937
55.49888667023669 7.86849834292543
55.49390168692868 7.869733450848696
55.48891653990041 7.870952415813014
55.48394035935189 7.87217080794371
55.478955177376214 7.873389140975018
55.473970123329956 7.874622974755789
55.46898490625571 7.8758406741204805
55.50395344459692 7.876142784490383
55.49896823968902 7.8773612682754015
55.49398316223842 7.878595260608834
55.488997922245304 7.879813110243182
55.484021648791675 7.881030389399401
55.479036373916294 7.8822476077811485
55.47405122585882 7.8834803273330065
55.469065915950225 7.884696912728522
