54.30393253213902 5.744599659523825
54.300355814129546 5.752219623978801
54.29786766247078 5.761550192699182
54.29335788758926 5.768703628718139
54.28978116957978 5.776323593173116
54.28324977147552 5.793274126348472
54.27982856294471 5.799494505495392
54.27578531649921 5.807580998386388
54.28402731886888 5.809602621609137
54.291025245409166 5.808669564737099
54.2960015487267 5.803071223504872
54.28993667905846 5.794207183220511
54.29677909612007 5.778189706917192
54.30315498474566 5.771969327770272
54.30782026910585 5.765904458102026
54.30937536389258 5.755951851466953
54.31497370512481 5.767926081324775
54.311241477636656 5.776790121609135
54.320105517921014 5.780522349097287
54.300355814129546 5.795295749571221
54.307509250148506 5.793585145305818
54.31357411981675 5.797783901229989
54.32088306531438 5.7991834865380465
54.330991181428125 5.804781827770274
54.32554834967457 5.80975813108781
54.31777287574092 5.808825074215772
54.310774949200635 5.805714884642312
54.30284396578831 5.806492432035677
54.31310759138073 5.818311152414825
54.33612299422433 5.817222586064114
54.28962566010111 5.819399718765536
