54.49481680585256 6.2036378083047525
54.48956228060043 6.212045048708158
54.48355710888371 6.221353064869072
54.47514986848031 6.233963925474179
54.465391464440636 6.248676596180139
54.472447541207785 6.259485905270232
54.49466667655964 6.270745602239078
54.48670982403499 6.28380685072294
54.49421628868089 6.298219262843063
54.49301525433754 6.259335775977314
54.481155040197024 6.247775820422631
54.48310672100496 6.234414313352933
54.48971240989334 6.235765476989195
54.49676848666049 6.236215864867948
54.49481680585256 6.247925949715549
54.496167969488816 6.2169993153744505
