54.06347522032894 6.080258792378949
54.05568624463376 6.08438588745263
54.04712080307768 6.089787528136951
54.0379276897927 6.095491235641451
54.02846561309737 6.100400704458433
54.021832202592705 6.104536819982432
54.02005562277769 6.122081577187633
54.02846476666768 6.116397484463547
54.046274538625845 6.108185044865689
54.05618175977012 6.102044853752641
54.06512448901964 6.0948469076278045
54.06622513038271 6.109816573276669
54.05740645902307 6.118565441265619
54.047859689044465 6.126694413121281
54.03805020949752 6.1195011361181155
54.029249802015805 6.13385672860731
54.01990165735579 6.137502507606032
54.02007552359499 6.152948210425114
54.02953022758975 6.151559188491248
54.038922796321756 6.13991863940336
54.04887946871305 6.144600985247207
54.0586179035439 6.135507364231168
54.06725601972276 6.124220038245181
54.06801950742217 6.139306385873887
54.06904316477818 6.1538512469165765
54.05519277189685 6.1558901877988355
54.04761504877663 6.164440771607311
54.038727399185554 6.159975314343421
54.02921240773803 6.1699180857722284
54.02034093255735 6.167980182372623
54.020098625192546 6.183394507732952
54.03718720624665 6.180771314999876
54.05600252015974 6.175329382791588
54.04688947862684 6.1794071113575
54.02016922069232 6.199393952547708
54.028775877253224 6.189530662215212
54.02032013162651 6.215399729586178
54.02964392546304 6.206577200110074
54.0401814689657 6.198686277021202
54.051438772107225 6.194778003723747
54.062200650465876 6.187740036578442
54.07208858959326 6.179367421073961
54.0728371579263 6.19164611258
54.07442015348218 6.203568161811963
54.06883658712347 6.211565733456608
54.05954987183434 6.206635596306206
54.049064274325126 6.212566452745469
54.03906558679712 6.218812815584832
54.02902174600478 6.223649488337658
54.020229102587855 6.2311063283892185
54.02013223572216 6.246952779726377
54.02881315180001 6.240613216402083
54.03864366706717 6.237588772315878
54.04802468849494 6.232843318013699
54.05715477778833 6.225127413832407
54.06930820732593 6.224805948423286
54.07569082549214 6.2178552884740155
54.076296453443845 6.232232127036552
54.07699416050864 6.246195162769399
54.07760779552321 6.260152133692528
54.0786243741416 6.274422322506316
54.07737309525966 6.2869683577946915
54.069176940300146 6.287584507015574
54.07071528993043 6.2705684371108825
54.06742879716716 6.251628550493235
54.0657196762494 6.238432593614609
54.06307374696687 6.262945043564061
54.06493359428628 6.276574500711268
54.06041135877444 6.287874579045044
54.05148088537761 6.288151572722449
54.0435396960858 6.288506706415829
54.036258028839526 6.288913880107695
54.02873286544387 6.2891613957167065
54.02153362602014 6.289574929642615
54.02179181593952 6.277107902984881
54.02047848290406 6.264657885473342
54.0286059618545 6.257436642576136
54.031477326234366 6.273379388142128
54.04191469452617 6.272375441106059
54.03823400363558 6.255803965644751
54.04825146977256 6.255043461345312
54.05244593267964 6.270957248335081
54.05594434765256 6.245535074496769
