53.4234383 -3.5992833
53.4287883 -3.6371967
53.4233717 -3.6100867
53.4181583 -3.615405
53.4232333 -3.631695
53.4233033 -3.6208917
53.4288583 -3.6263917
53.428925 -3.6155883
53.428995 -3.6047833
53.4290617 -3.5939783
53.43427 -3.6535117
53.4343417 -3.6427033
53.4344117 -3.6318967
53.43448 -3.6210883
53.43455 -3.6102833
53.4346167 -3.599475
53.4346833 -3.58867
53.4347833 -3.5645
53.43975 -3.669825
53.439825 -3.6590167
53.439895 -3.6482083
53.4399667 -3.6374033
53.4400367 -3.626595
53.4400867 -3.6157867
53.4401717 -3.6049783
53.4402383 -3.59417
53.4403417 -3.569995
53.4404033 -3.5591867
53.4404667 -3.5483783
53.445375 -3.6645283
53.4454467 -3.6537167
53.44552 -3.6429083
53.4455883 -3.6320967
53.4456583 -3.6212883
53.4457283 -3.61048
53.445795 -3.59967
53.4458617 -3.5888617
53.4459617 -3.5646833
53.446025 -3.553875
53.4460867 -3.5430633
53.4509283 -3.6700367
53.451 -3.6592283
53.4510717 -3.6484167
53.451145 -3.637605
53.4512133 -3.626795
53.45128 -3.6159833
53.45135 -3.6051717
53.4514167 -3.5943617
53.45152 -3.57018
53.45158 -3.55937
53.451645 -3.5485583
53.451705 -3.5377467
53.4565533 -3.6647367
53.456625 -3.653925
53.4566967 -3.6431133
53.4567667 -3.6323
53.4568367 -3.6214883
53.456905 -3.610675
53.4569717 -3.5998633
53.4570383 -3.58905
53.4571383 -3.5648667
53.4572033 -3.554055
53.4572633 -3.5432417
53.462105 -3.67025
53.4621783 -3.6594367
53.46225 -3.6486217
53.4623217 -3.6378083
53.4623917 -3.626995
53.4624583 -3.61618
53.4625283 -3.6053667
53.462595 -3.5945533
53.4626967 -3.5703667
53.4627583 -3.5595533
53.4628217 -3.5487383
53.4676583 -3.6757633
53.46773 -3.6649467
53.4678033 -3.6541333
53.467875 -3.6433167
53.467945 -3.6325033
53.4680133 -3.6216867
53.4680833 -3.6108717
53.46815 -3.600055
53.4682167 -3.5892417
53.4461467 -3.5322533
53.4462083 -3.521445
53.4462667 -3.5106333
53.4464667 -3.49988
53.4517667 -3.5269367
53.451825 -3.516125
53.4518833 -3.5053133
53.4519417 -3.4945033
53.452 -3.4836917
53.452055 -3.4728783
53.4521083 -3.4620667
53.457325 -3.53243
53.4573867 -3.5216167
53.4848133 -3.6165783
53.4848833 -3.605755
53.48495 -3.5949367
53.4850533 -3.5707383
53.4851133 -3.55992
53.4851783 -3.5491
53.4900783 -3.6113
53.490145 -3.6004783
53.4902117 -3.5896583
53.4906717 -3.5654217
53.4907367 -3.5546
53.4907967 -3.5437783
53.4683167 -3.5650533
53.46838 -3.5542367
53.4684417 -3.5434217
53.4734967 -3.6380117
53.47357 -3.627195
53.4736367 -3.6163783
53.473705 -3.6055617
53.4737717 -3.594745
53.473875 -3.5705533
53.4739367 -3.5597367
53.474 -3.54892
53.4791217 -3.632705
53.4791917 -3.6218867
53.4792583 -3.61107
53.4793283 -3.60025
53.479395 -3.5894333
53.479495 -3.5652367
53.4795583 -3.55442
53.47962 -3.5436
53.4620333 -3.6810633
53.456405 -3.6863617
53.45648 -3.67555
53.45078 -3.6916583
53.450855 -3.6808467
53.4455083 -3.686155
53.4453033 -3.6753367
53.4628833 -3.537925
53.4740617 -3.5381033
53.4852383 -3.53828
53.4685033 -3.532605
53.47968 -3.53278
53.4908583 -3.5329583
53.462945 -3.5271117
53.4741217 -3.5272867
53.4853 -3.5274583
53.4685633 -3.5217883
53.4797417 -3.5219633
53.4630033 -3.5162967
53.47418 -3.5164667
53.4850617 -3.5171083
53.457445 -3.5108033
53.4686217 -3.510975
53.4798867 -3.5117783
53.4630633 -3.5054833
53.4742417 -3.50565
53.4575033 -3.4999917
53.46868 -3.5001583
53.46312 -3.4946667
53.4575617 -3.4891783
53.4687383 -3.4893417
53.4631783 -3.4838533
53.4576167 -3.4783667
