51.8616178629086 1.859355523038526
51.86972044189595 1.8507401225962858
51.876489685100566 1.86756066631685
51.88182302823148 1.8581247515467774
51.89628459325952 1.8555606442723012
51.89023330009176 1.863458094677688
51.88520764983379 1.8728940094477606
51.893823050276026 1.8781247882876921
51.89946408627988 1.8689965663905566
51.91372052272596 1.8644837375874785
51.908284615304076 1.873817088066572
51.902848707882185 1.8832530028366445
51.91197692977932 1.888278653094618
51.916900015746315 1.8791504311974825
51.922335923168205 1.8695093878454518
51.93136158077436 1.8743299095214676
51.92007950876666 1.8939196890984662
51.929310294954774 1.8988427750654606
51.9350538952496 1.8890991674224509
51.94018210979855 1.8794581240704202
51.95433598195366 1.875252988140279
51.94920776740471 1.8848940314923097
51.943566731400864 1.8941248176804242
51.93843851685191 1.903765861032455
51.947361610167086 1.9087915112904283
51.95238726042506 1.8993555965203557
51.95802829642891 1.8899196817502832
51.95587444631835 1.91402229013036
51.96510523250646 1.9191505046793125
51.96797703265388 1.9087915112904286
51.973310375784784 1.9245864121012022
51.86336145585525 1.8872530101848282
51.86028452712588 1.8987402107744817
51.87228454917043 1.895150460590215
51.88079738532169 1.8977145678646912
51.87228454917043 1.9100222827821771
51.86428453447406 1.9136120329664439
51.86828454182225 1.9274582122486157
51.878335842338196 1.9229453834455374
51.88397687834204 1.9123812614746953
51.88941278576393 1.9031504752865809
51.898335879079106 1.9086889469994495
51.89279740736624 1.918227426060501
51.886951242780434 1.9276633408305737
51.880284563866795 1.9378172056374996
51.87228454917043 1.9420223415676408
51.87618199222763 1.9561762137227496
51.88448969979694 1.9523813349565247
51.8905409929647 1.9423300344405778
51.896182028968546 1.9332018125434425
51.901925629263374 1.9235607691914116
51.907361536685265 1.9144325472942763
51.91638719429142 1.919868454716166
51.910028208250715 1.9294069337772175
51.905002557992745 1.9385351556743529
51.89966921486183 1.9478685061534464
51.89423330743995 1.9566890351776447
51.88848970714512 1.967253157148487
51.880079435284834 1.9706377787507956
51.88448969979694 1.9846890866149256
51.89228458591134 1.9832531865412188
51.89700254329638 1.9716634216605864
51.90254101500925 1.962740328345409
51.90859230817701 1.9530992849933784
51.91946412302079 1.9348428411991074
51.925207723315616 1.9250992335560977
51.9336179951759 1.9303300123960292
51.92828465204499 1.9395607985841437
51.92243848745918 1.9493044062271534
51.91741283720121 1.9585351924152679
51.911669236906384 1.9678685428943614
51.90623332948449 1.977304457664434
51.902130757845335 1.9881762725082133
51.89628459325952 1.9970993658233906
51.887874321399245 1.9992532159339507
51.897412800460295 2.0116634951424155
51.90756666526722 2.0054070733926936
51.914746165635755 1.98315062225024
51.92048976593058 1.973509578898209
51.92602823764345 1.9643813570010737
51.931669273647294 1.954740313649043
51.937105181069185 1.9450992702970125
51.942335959909116 1.9359710483998769
51.951156488933314 1.9412018272398086
51.94582314580241 1.9508428705918393
51.94038723838052 1.960586478234849
51.93454107379471 1.9697147001319844
51.92397695182387 1.9883814010901715
51.917105144328275 2.007458359212275
51.905925636611556 2.0216122313673837
51.9159769371275 2.0231506957320695
51.925207723315616 2.024689160096755
51.9267461876803 2.0089968235769606
51.932592352266106 1.9935096156391239
51.93782313110604 1.9844839580329676
51.929002602081844 1.9787403577381408
51.945412888638494 1.9738172717711464
51.951156488933314 1.9643813570010737
51.952797517588984 1.9847916509059047
51.95177187467919 1.9991506516429718
51.940900059835414 1.9989455230610136
51.93546415241352 2.026535317334378
51.96213086806809 1.9477659418624684
51.961207789449276 1.9703300858778594
51.96459241105159 1.9855096009427589
51.96172061090417 1.9990480873519934
51.970028318473474 1.9584326281242896
51.977618076005925 1.9548428779400229
51.97772064029691 1.9762788147546444
51.98787450510383 1.9723813716974405
51.986848862194044 1.988073708217235
51.996387341255094 1.9894070439999627
51.97741294742397 1.9911506369466065
51.98572065499327 2.0034583518640927
51.99546426263628 2.0048942519377992
51.97484884014949 2.0177147883101805
51.98438731921054 2.019458381256824
51.99484887689041 2.0203814598756358
51.99320784823474 2.0361763606864094
51.9125923155252 2.070022576709495
51.92315643749605 2.0557661402634073
51.93310517372101 2.0579199903739673
51.92233592316821 2.071561041074181
51.9214128445494 2.0872533775939757
51.930643630737514 2.0889969705406193
51.93228465939318 2.0735097626027827
51.94182313845423 2.074330276930615
51.94090005983542 2.090945692069221
51.95136161751528 2.0762789984592174
51.952694953298014 2.0609969191033386
51.95997701795753 2.0936123636346764
51.96992575418249 2.095766213745237
51.970951397092286 2.079663620061526
51.97177191142011 2.0642789764146685
51.981412954772146 2.0657148764883755
51.99156681957907 2.0679712908899144
51.98038731186235 2.081509777299149
51.99013091950536 2.0827405487908974
51.98777194081285 2.0987405781836292
51.97977192611648 2.09761237098286
