54.96674062178232 7.784439214797999
54.96674970943161 7.7998923977160075
54.972058720433665 7.778888968750948
54.97287848125694 7.789348515821416
54.97378641970755 7.799904454926718
54.9772109274424 7.773228142065136
54.97828264143084 7.784114503781382
54.979157873337215 7.795049027790469
54.98250506365781 7.767847837307897
54.98361908355389 7.778670170891701
54.98478485943377 7.789283328462886
54.98562637126008 7.799886687021058
54.98790057774954 7.762045210018471
54.988752347243064 7.772972640175226
54.990262789196436 7.783505368677879
54.99111448944217 7.794167386415779
54.993217085500135 7.756488246935078
54.99404122152521 7.767409374642966
54.99563277243453 7.77794138188932
54.996375800402916 7.788587799087679
54.997251449594785 7.7996114908776235
54.99838256830094 7.750689707064396
54.999369843143825 7.761715627374372
55.000748250231595 7.772533998545271
55.001848528486846 7.783352124201201
55.00277874134588 7.79436349168185
55.003705110502494 7.745148223112039
55.00460953889916 7.755935055058785
55.00608272283944 7.766750964785217
55.00707796117899 7.777309083847172
55.00803329839806 7.788409749510379
55.00891350895131 7.799575841751732
55.00906872923849 7.7395047524424285
55.01015277652948 7.750411369589074
55.01148401327663 7.761317814965253
55.0125308933861 7.772215815707398
55.01371972698388 7.783167870201112
55.015651874534456 7.737904159749235
55.01573180447923 7.799897201894396
55.016570825183464 7.7486385567240745
55.017871476887194 7.759611090579426
55.01894692396144 7.770650788503133
55.019988925248754 7.781326145884975
55.02165738168287 7.791027347733973
55.02256000334154 7.73767906213908
55.023068837057224 7.748457784898903
55.02386925166468 7.799897863795422
55.02452470185358 7.759336586014683
55.025716004989704 7.770334215451726
55.026606990320374 7.78124328684828
55.02771147290622 7.791911740134765
55.029406742627145 7.73790507615837
55.029682044890535 7.748440426184743
55.03120109785243 7.7587920923812135
55.0321091289332 7.7694793468944
55.032890618207546 7.799900331535127
55.03337674044428 7.78071702067399
55.03581443288982 7.7911153194165195
55.03613878147962 7.737968581784685
55.03642283594519 7.748922408842134
55.037817460507426 7.759564908593688
55.03882816808556 7.770465779971801
55.039729552277095 7.780976235864614
55.040085290803574 7.79990765291592
55.04255713500385 7.741196082233444
55.04276913938435 7.790887177601235
55.042852078460726 7.752012303125355
55.044377932995246 7.762673468305991
55.04550740144549 7.773473525682732
55.047087546253294 7.799446186492389
55.04726146074785 7.7839721554906305
55.04957329307308 7.7536659549199385
55.05108994844244 7.7646248802340665
55.05226563844849 7.776018183492397
55.053837207321294 7.786480250463228
55.05393402203754 7.799916707290265
55.057701374718704 7.767878144460838
55.05890292832754 7.7786836688163135
55.060257191316396 7.788996348502735
55.060547178609454 7.799880240680636
