53.4934346 -3.290133
53.4747217 -3.185
53.4728001 -3.2131833
53.4847217 -3.2036117
53.485 -3.1883333
53.4852783 -3.171945
53.4852783 -3.1561117
53.4813883 -3.1975
53.4816667 -3.1816667
53.4816667 -3.1658333
53.481945 -3.15
53.478055 -3.1911117
53.4783333 -3.1752783
53.4783333 -3.1597217
53.4681379 -3.1879067
53.4647884 -3.216502
53.464811 -3.2007799
53.50149 -3.3727101
53.4964139 -3.3634408
53.5015607 -3.3531201
53.490199 -3.3521275
53.4838676 -3.3405858
53.5016097 -3.3378471
53.4929725 -3.3369452
53.4774852 -3.3289698
53.471297 -3.3177103
53.5016627 -3.3197551
53.4645196 -3.3053916
53.4853589 -3.3058241
53.5017162 -3.3052977
53.4742467 -3.2868219
53.5017633 -3.2866937
53.4645844 -3.2823185
53.4830505 -3.2698947
53.501811 -3.2694801
53.4646456 -3.2657475
53.4916726 -3.26601
53.5018558 -3.2524392
53.4646707 -3.2494572
53.4646707 -3.2494572
53.4747722 -3.2497122
53.492933 -3.2368826
53.4647104 -3.2330579
53.5019022 -3.234512
53.483146 -3.2315932
53.501945 -3.2188883
53.501945 -3.203055
53.4986117 -3.2127783
53.4986117 -3.196945
53.495 -3.2222217
53.4952783 -3.2063883
53.4952783 -3.190555
53.4916667 -3.2161117
53.4916667 -3.2002783
53.491945 -3.184445
53.4883333 -3.2097217
53.4883333 -3.1941667
53.4886117 -3.1783333
