54.03118006094076 7.027915494619556
54.03885289516165 7.040592644793723
54.04669849081343 7.0530105956493
54.055855877243246 7.065702130923817
54.06289042851133 7.0654069041439875
54.0707870569808 7.078685184240112
54.064191100953444 7.083095426199773
54.05256585644344 7.087150280815731
54.04794247706849 7.069983992300085
54.04224751494911 7.089225349517177
54.034950617305775 7.0802249247832885
54.040171341516526 7.070065977364624
54.03520173349629 7.0532943427806
54.02676764558066 7.043629979407026
54.01954442638407 7.049524130567631
54.026713155275246 7.0648194007165985
