53.932109368631856 6.604910493350962
53.930554273845125 6.593558301407834
53.928688160101046 6.582050599986032
53.92697755583565 6.5710094270002495
53.925733480006265 6.559812744535794
53.92402287574086 6.5484605525926645
53.9226232904328 6.537574889085555
53.9209126861674 6.526533716099772
53.919668610338015 6.5151815241566435
53.91764698711527 6.501807708990766
53.91609189232854 6.489988988611619
53.932420387589204 6.554058893824893
53.939884842565505 6.5377303985642286
53.95325865773138 6.50927216396707
53.960567603229016 6.480347400933892
53.96709900133328 6.480813929369912
53.9733193804802 6.474749059701665
53.98047281649916 6.474438040744319
53.991202970527596 6.474904569180338
53.9912029705276 6.4531332421661185
53.99104746104893 6.442403088137682
53.98731523356078 6.423741950696923
53.980161797541825 6.423741950696923
53.980472816499166 6.434627614204032
53.98031730702049 6.457643017047635
53.97378590891623 6.423741950696923
53.9739414183949 6.434783123682705
53.966943491854614 6.424986026526306
53.966943491854614 6.435094142640051
53.96709900133329 6.446135315625834
53.96725451081196 6.457487507568962
53.96056760322902 6.4696172469054565
53.96041209375035 6.431983953066591
53.95294763877405 6.440070445957587
53.95372518616741 6.45422180851683
53.94874888284988 6.445202258753796
53.94703827858447 6.464329924630574
53.93988484256552 6.457954036004981
53.94019586152286 6.469150718469437
53.9468827691058 6.491855102355695
53.94703827858447 6.515026014677971
53.94019586152286 6.515026014677971
53.933664463418594 6.515026014677971
53.93179834967452 6.540685078659015
53.926200008442294 6.515337033635317
53.92635551792097 6.4923216307917135
53.93319793498258 6.492010611834368
53.94019586152286 6.4923216307917135
53.93288691602523 6.480658419891239
53.93288691602523 6.467284604725362
53.92713306531433 6.475682116573703
53.9215347240821 6.482524533635315
53.98747074303944 6.59495788671589
53.98762625251811 6.618128799038167
53.9807838354565 6.617817780080821
53.97409692787356 6.617973289559494
