51.7329883 1.1990017
51.7319917 1.2437467
51.734625 1.2268433
51.7338033 1.212915
51.7500517 1.2427417
51.7466067 1.245715
51.7457867 1.23181
51.7431533 1.2487017
51.7423433 1.2347833
51.7415217 1.2208667
51.73971 1.2516883
51.73889 1.2377717
51.7380683 1.2238567
51.737255 1.20994
51.735445 1.2407583
51.7312533 1.2298283
51.7303583 1.2159033
51.729545 1.20199
51.7285483 1.2467183
51.7287183 1.1880633
51.7277283 1.23282
51.726915 1.2188917
51.7260917 1.20498
51.7251033 1.2497033
51.7252767 1.1910533
51.7242833 1.2357767
51.7234617 1.22188
51.7226483 1.207955
51.7218233 1.194045
51.72083 1.2387633
51.7200183 1.2248533
51.7191967 1.2109433
51.71838 1.1970183
51.716565 1.22784
51.7157517 1.2139167
51.7149283 1.2000083
51.7123 1.216905
51.711485 1.2029967
51.7080417 1.20597
51.7421667 1.29344
51.7456117 1.2904567
51.7413433 1.2795233
51.7378983 1.2825067
51.7370817 1.26859
51.736255 1.254675
51.7336283 1.271575
51.73281 1.2576467
51.7293667 1.2606317
