54.010400639673314 7.062916348974546
54.00552128462984 7.075823030057276
54.004576893331105 7.0903036966379
54.00662307447837 7.105099160318104
54.00835445852605 7.120052022548096
54.01087283532268 7.133273500730405
54.01890016136194 7.131069921033354
54.02755708160036 7.1287089427865125
54.03700099458772 7.125875768890303
54.03794538588646 7.10840452986368
54.03054765404635 7.096284841529897
54.02314992220625 7.0847947473952715
54.0165391831151 7.0736194503602245
54.048963284371716 7.103997370469577
54.05762020461013 7.119422428348938
54.06013858140676 7.100849399473789
54.06879550164518 7.116117058803361
54.07084168279244 7.097544029928212
54.077137624784015 7.113441283456941
54.08138738562833 7.094396058932425
54.085479747922854 7.110765508110521
54.09279878048805 7.091248087936636
54.093585773236995 7.108325830588785
