54.00030027502995 6.448778976763259
53.99967823711526 6.46277482984383
53.99952272763659 6.476615173445728
53.9999892560726 6.490766536004972
54.00745371104891 6.490455517047626
54.01522918498256 6.489677969654261
54.023004658916214 6.489366950696915
54.03031360441384 6.48858940330355
54.03886662574086 6.488122874867531
54.088318639958864 6.457331998090274
54.08800762100152 6.444269201881741
54.08738558308683 6.430117839322497
54.087696602044176 6.415966476763253
54.07867705228114 6.416588514677945
54.06950199303943 6.417055043113964
54.06094897171241 6.417521571549983
54.00792023948492 6.448467957805913
54.00760922052757 6.461997282450465
54.00854227739961 6.476304154488382
54.017561827162645 6.475526607095017
54.01585122289724 6.461530754014445
54.016006732375914 6.448623467284586
54.06063795275507 6.431672934109227
54.069657502518105 6.4307398772371895
54.07867705228114 6.430428858279843
54.07867705228114 6.444424711360415
54.070124030954126 6.4450467492751065
54.06094897171241 6.445357768232452
54.031868699200565 6.4610642255784265
54.02409322526691 6.461530754014445
54.026892395883024 6.4752155881376705
54.03591194564606 6.474593550222979
54.04462047645175 6.473816002829614
54.05488410204417 6.473504983872267
54.063592632849854 6.472882945957576
54.06079346223375 6.4590426023556775
54.070124030954126 6.458265054962313
54.07914358071716 6.458265054962313
54.07961010915318 6.472105398564211
54.07152361626218 6.472260908042884
