51.767258715207895 1.9227402548635792
51.7750536013223 1.9274582122486155
51.78295105172769 1.9323812982156099
51.79177158075189 1.9501249205549855
51.78346387318259 1.9456120917519073
51.77566898706819 1.94099669865785
51.74715611417601 1.9342274554532328
51.75474587170846 1.9404838772029547
51.762438193531885 1.944791577424075
51.77064333681021 1.9497146633910694
51.77833565863364 1.9540223636121894
51.794745945190286 1.9632531498003039
51.8025408313047 1.9680736714763192
51.73587404216831 1.9435608059323262
51.7432586711188 1.948791584772258
51.75105355723321 1.9544326207761056
51.7589510076386 1.9599710924889742
51.76684845804399 1.9654069999108639
51.77484847274035 1.9714582930786277
51.782643358854756 1.9766890719185592
51.74172020675412 1.9605864782348486
51.74848944995873 1.969714700131984
51.733412499184816 1.9705352144598163
51.757412543273915 1.9747403503899574
51.76469460793343 1.978022407701287
51.77279718692077 1.9829454936682813
51.78028438016224 1.988381401090171
51.78941260205938 1.9860224223976528
51.79751518104672 1.9874583224713596
51.738643278024746 1.9886890939631083
51.75156637868811 1.9827403650863233
51.75977152196643 1.986022422397653
51.754848435999435 1.9959711586226208
51.76346383644168 1.9991506516429713
51.77013051535531 1.9936121799301028
51.77772027288776 1.9993557802249295
51.78613054474804 1.9993557802249293
51.79392543086245 1.998637830188076
51.80202800984979 1.9994583445159084
51.80828443159952 1.9949455157128302
51.80828443159952 2.0162788882364726
51.80223313843175 2.014842988162766
51.79392543086245 2.0141250381259126
51.81484854622217 2.0345353320307433
51.80756648156266 2.0335096891209528
51.80048954548511 2.0324840462111626
51.79351517369853 2.031458403301372
51.78623310903902 2.0303301961006026
51.764694607933414 2.027868653117105
51.74438687831957 2.0071506663393373
51.74356636399173 2.0239712100599014
51.75023304290537 2.042022525272214
51.750438171487325 2.025099417260671
51.75772023614684 2.0262276244614403
51.821002403680914 2.052689211534035
51.81361777473042 2.0516635686242446
