54.00138884138066 6.421564817995481
54.00030027502995 6.448778976763259
53.99967823711526 6.46277482984383
53.99952272763659 6.476615173445728
53.9999892560726 6.490766536004972
54.00745371104891 6.490455517047626
54.01522918498256 6.489677969654261
54.023004658916214 6.489366950696915
54.03031360441384 6.48858940330355
54.03886662574086 6.488122874867531
54.047575156546536 6.499630576289333
54.055350630480184 6.511138277711137
54.07292320157024 6.521868431739574
54.08085418498256 6.5214019033035555
54.08909618735223 6.521246393824883
54.08847414943754 6.510049711360426
54.08800762100152 6.499008538374642
54.08847414943754 6.486878799038147
54.08862965891621 6.476148645009709
54.088318639958864 6.457331998090274
54.08800762100152 6.444269201881741
54.08738558308683 6.430117839322497
54.087696602044176 6.415966476763253
54.07867705228114 6.416588514677945
54.06950199303943 6.417055043113964
54.06094897171241 6.417521571549983
54.05192942194938 6.418454628422021
54.04430945749441 6.4187656473793675
54.03528990773137 6.41892115685804
54.027358924319046 6.419854213730078
54.01693978924796 6.420320742166098
54.00838676792094 6.4209427800807894
54.01398510915317 6.432450481502593
54.00792023948492 6.448467957805913
54.00760922052757 6.461997282450465
54.00854227739961 6.476304154488382
54.017561827162645 6.475526607095017
54.01585122289724 6.461530754014445
54.016006732375914 6.448623467284586
54.02984707597781 6.444269201881741
54.023626696830895 6.433694557331976
54.03357930346596 6.430428858279843
54.03886662574085 6.441003502829608
54.04477598593042 6.434316595246669
54.05301798830009 6.436338218469418
54.06063795275507 6.431672934109227
54.069657502518105 6.4307398772371895
54.07867705228114 6.430428858279843
54.07867705228114 6.444424711360415
54.070124030954126 6.4450467492751065
54.06094897171241 6.445357768232452
54.0523959503854 6.453133242166103
54.044464966973074 6.451267128422026
54.031868699200565 6.4610642255784265
54.02409322526691 6.461530754014445
54.026892395883024 6.4752155881376705
54.03591194564606 6.474593550222979
54.04462047645175 6.473816002829614
54.05488410204417 6.473504983872267
54.050529836641324 6.4853237042514165
54.056594706309575 6.493876725578432
54.061882028584456 6.502585256384121
54.06732486033801 6.512226844061848
54.08100969446124 6.504917898564217
54.080076637589194 6.490300007568953
54.06437018024322 6.488278384346204
54.063592632849854 6.472882945957576
54.06079346223375 6.4590426023556775
54.070124030954126 6.458265054962313
54.07914358071716 6.458265054962313
54.07961010915318 6.472105398564211
54.07152361626218 6.472260908042884
