54.065322511863876 6.942149898260142
54.059661580178265 6.957434413811293
54.05494413710692 6.9672466953996866
54.04588664640994 6.983852095010813
54.04267878512143 6.990456515310693
54.030413433135934 7.009137589873211
54.01928026748757 7.02895085077285
54.00890189273061 7.046311041275392
54.000976588370754 7.055368531972371
53.99852351797366 7.067445186235008
54.05739720750402 6.943848177765826
54.051358880372696 6.943659480042972
54.05324585760123 6.95422655252278
54.047018832747064 6.950263900342852
54.04852841452989 6.965548415894003
54.04192399423001 6.956490925197024
54.0362630625444 6.968756277182516
54.04324487828999 6.971964138471029
54.03796134205008 6.979512047385177
54.03154561947306 6.973662417976713
54.021544640161814 6.991022608479255
54.03701785343581 6.94252729370585
54.02814906046169 6.942149898260142
54.02097854699325 6.943093386874411
54.01418542897052 6.942715991428703
54.00210877470788 6.9410177119230205
53.994372168070875 6.940829014200166
53.98172942063968 6.952150877571389
53.99531565668514 6.955170041137048
53.983805095591066 6.963661438665466
53.99097560905951 6.964416229556881
53.985125979651045 6.976681581542372
53.98833384093956 6.996872237887719
53.99135300450522 7.014609823835968
53.99399477262517 7.032536107507071
53.995504354408 7.044990157215416
54.00418444965927 7.033290898398486
54.00116528609361 7.021591639581556
53.997391331636535 7.004608844524721
54.010600172236295 6.951207388957121
54.03267780581018 6.949886504897145
54.027205571847425 6.958000506979855
54.02173333788467 6.956113529751317
54.0158837084762 6.959510088762684
54.020601151547545 6.96743539312254
54.00550533371925 6.963661438665466
54.01418542897052 6.9778137678794945
54.00418444965927 6.983097304119398
53.995504354408 6.980455535999446
54.001731379262175 6.996872237887719
54.01078886995915 7.005363635416137
54.02003505837898 7.013477637498846
54.007958404116344 7.014987219281676
54.010977567682005 7.031215223447095
53.99248519084234 6.9878147471907415
