32
140 200 0.017 11
0.5 0.017 0.0
1.5 0.017 0.0
2.5 0.017 0.0
3.5 0.017 0.0
4.5 0.450 699.6
5.5 0.450 1362.7
6.5 0.450 2316.7
7.5 0.450 3614.4
8.5 0.450 5308.7
9.5 0.450 7451.3
10.5 0.433 9823.0
11.5 0.348 10898.9
12.5 0.262 10997.9
13.5 0.202 11000.0
14.5 0.161 11000.0
15.5 0.130 11000.0
16.5 0.107 11000.0
17.5 0.089 11000.0
18.5 0.075 11000.0
19.5 0.064 11000.0
20.5 0.055 11000.0
21.5 0.047 11000.0
22.5 0.041 11000.0
23.5 0.036 11000.0
24.5 0.032 11000.0
25.5 0.028 11000.0
26.5 0.025 11000.0
27.5 0.022 11000.0
28.5 0.020 11000.0
29.5 0.018 11000.0
30.5 0.017 7857.1
31.5 0.017 2619.0