32
150 236 0.017 15
0.5 0.017 0.0
1.5 0.017 0.0
2.5 0.017 0.0
3.5 0.450 385.0
4.5 0.450 977.1
5.5 0.450 1900.5
6.5 0.450 3228.8
7.5 0.450 5035.7
8.5 0.450 7394.8
9.5 0.450 10377.0
10.5 0.429 13586.9
11.5 0.340 14893.7
12.5 0.256 14998.0
13.5 0.198 15000.0
14.5 0.157 15000.0
15.5 0.127 15000.0
16.5 0.104 15000.0
17.5 0.087 15000.0
18.5 0.073 15000.0
19.5 0.062 15000.0
20.5 0.053 15000.0
21.5 0.046 15000.0
22.5 0.040 15000.0
23.5 0.035 15000.0
24.5 0.031 15000.0
25.5 0.027 15000.0
26.5 0.024 15000.0
27.5 0.022 15000.0
28.5 0.020 15000.0
29.5 0.018 15000.0
30.5 0.017 6818.2
31.5 0.017 0.0