32
90 116 0.041 5.0
0.5 0.041 0.0
1.5 0.041 0.0
2.5 0.041 0.0
3.5 0.450 80.1
4.5 0.450 223.1
5.5 0.450 446.2
6.5 0.450 767.1
7.5 0.450 1203.7
8.5 0.450 1773.6
9.5 0.450 2494.8
10.5 0.450 3384.4
11.5 0.438 4373.0
12.5 0.367 4916.8
13.5 0.283 4996.7
14.5 0.223 4999.9
15.5 0.179 5000.0
16.5 0.146 5000.0
17.5 0.121 5000.0
18.5 0.102 5000.0
19.5 0.087 5000.0
20.5 0.074 5000.0
21.5 0.064 5000.0
22.5 0.056 5000.0
23.5 0.049 5000.0
24.5 0.043 5000.0
25.5 0.041 0.0
26.5 0.041 0.0
27.5 0.041 0.0
28.5 0.041 0.0
29.5 0.041 0.0
30.5 0.041 0.0
31.5 0.041 0.0