23
150 240.0 0.034645974 15.0
3.0 0.0 0.0
4.0 0.406007508 720.0
5.0 0.357719682 1239.0
6.0 0.379441585 2271.0
7.0 0.401614683 3817.0
8.0 0.414184048 5876.0
9.0 0.418322017 8450.0
10.0 0.416329121 11536.0
11.0 0.406719267 15000.0
12.0 0.313277398 15000.0
13.0 0.246401158 15000.0
14.0 0.19728256 15000.0
15.0 0.160398028 15000.0
16.0 0.132163902 15000.0
17.0 0.110185903 15000.0
18.0 0.092822933 15000.0
19.0 0.078924529 15000.0
20.0 0.067667918 15000.0
21.0 0.058454092 15000.0
22.0 0.050839908 15000.0
23.0 0.044492754 15000.0
24.0 0.039159675 15000.0
25.0 0.034645974 15000.0
