41
90 126.0 0.041899893 5.0
3.0 0.196405748 40.5
4.0 0.363555224 177.7
5.0 0.423084169 403.9
6.0 0.447126173 737.6
7.0 0.453202924 1187.2
8.0 0.452935183 1771.1
9.0 0.452370844 2518.6
10.0 0.451525031 3448.41
10.1 0.451429682 3552.15
10.2 0.451336218 3657.95
10.3 0.451164269 3765.16
10.4 0.450938098 3873.95
10.5 0.450679475 3984.49
10.6 0.450365029 4096.56
10.7 0.450054254 4210.69
10.8 0.449669304 4326.15
10.9 0.449262148 4443.41
11.0 0.44883706 4562.51
11.1 0.448392183 4683.43
11.2 0.44792871 4806.18
11.3 0.447370638 4929.92
11.4 0.441926986 5000.37
11.5 0.430468281 5000.02
11.6 0.419429499 5000.0
11.7 0.408765737 4999.99
11.8 0.398462007 5000.0
11.9 0.388500924 5000.0
12.0 0.378869113 5000.0
13.0 0.297990818 5000.0
14.0 0.23858813 5000.0
15.0 0.193980986 5000.0
16.0 0.159835407 5000.0
17.0 0.133255817 5000.0
18.0 0.112257515 5000.0
19.0 0.095449166 5000.0
20.0 0.081835728 5000.0
21.0 0.070692779 5000.0
22.0 0.061484394 5000.0
23.0 0.05380832 5000.0
24.0 0.047358639 5000.0
25.0 0.041899893 5000.0
