32
112 180.0 0.032849516 8.0
1.0 0.0 0.0
2.0 0.0 0.0
3.0 0.0 0.0
4.0 0.359893075 359.0
4.5 0.394988394 561.0
5.0 0.416778235 812.0
5.5 0.431134474 1118.0
6.0 0.44050051 1483.0
6.5 0.446456996 1911.0
7.0 0.450236796 2407.0
7.5 0.452289171 2974.0
8.0 0.453124429 3616.0
8.5 0.452993022 4336.0
9.0 0.451930794 5135.0
9.5 0.450115358 6015.0
10.0 0.447574657 6976.0
10.5 0.416671158 7518.0
11.0 0.376616015 7813.0
12.0 0.297033385 8000.0
13.0 0.233624802 8000.0
14.0 0.187053094 8000.0
15.0 0.152081093 8000.0
16.0 0.125310959 8000.0
17.0 0.10447256 8000.0
18.0 0.088009892 8000.0
19.0 0.074832146 8000.0
20.0 0.064159211 8000.0
21.0 0.055423139 8000.0
22.0 0.048203765 8000.0
23.0 0.042185723 8000.0
24.0 0.037129173 8000.0
25.0 0.032849516 8000.0
