32
90 120 0.018 4.0
0.5 0.018 0.0
1.5 0.018 0.0
2.5 0.018 0.0
3.5 0.018 0.0
4.5 0.450 251.5
5.5 0.450 490.2
6.5 0.450 833.6
7.5 0.450 1300.8
8.5 0.450 1910.8
9.5 0.450 2682.2
10.5 0.435 3546.1
11.5 0.351 3958.4
12.5 0.265 3999.1
13.5 0.205 4000.0
14.5 0.162 4000.0
15.5 0.131 4000.0
16.5 0.108 4000.0
17.5 0.090 4000.0
18.5 0.076 4000.0
19.5 0.064 4000.0
20.5 0.055 4000.0
21.5 0.048 4000.0
22.5 0.041 4000.0
23.5 0.036 4000.0
24.5 0.032 4000.0
25.5 0.028 4000.0
26.5 0.025 4000.0
27.5 0.023 4000.0
28.5 0.020 4000.0
29.5 0.018 4000.0
30.5 0.018 2857.1
31.5 0.018 952.4