32
140 200 0.027 11
0.5 0.027 0.0
1.5 0.027 0.0
2.5 0.027 0.0
3.5 0.027 0.0
4.5 0.700 699.6
5.5 0.700 1362.7
6.5 0.700 2316.7
7.5 0.700 3614.4
8.5 0.700 5308.7
9.5 0.700 7451.3
10.5 0.674 9823.0
11.5 0.541 10898.9
12.5 0.407 10997.9
13.5 0.315 11000.0
14.5 0.250 11000.0
15.5 0.202 11000.0
16.5 0.166 11000.0
17.5 0.138 11000.0
18.5 0.116 11000.0
19.5 0.099 11000.0
20.5 0.085 11000.0
21.5 0.073 11000.0
22.5 0.064 11000.0
23.5 0.056 11000.0
24.5 0.049 11000.0
25.5 0.044 11000.0
26.5 0.039 11000.0
27.5 0.035 11000.0
28.5 0.031 11000.0
29.5 0.028 11000.0
30.5 0.027 7857.1
31.5 0.027 2619.0