32
96 126 0.025 6.2
0.5 0.025 0.0
1.5 0.025 0.0
2.5 0.025 0.0
3.5 0.450 91.6
4.5 0.450 260.4
5.5 0.450 523.6
6.5 0.450 902.3
7.5 0.450 1417.3
8.5 0.450 2089.8
9.5 0.450 2940.6
10.5 0.450 3990.7
11.5 0.443 5205.7
12.5 0.385 6026.8
13.5 0.300 6190.8
14.5 0.235 6199.8
15.5 0.189 6200.0
16.5 0.154 6200.0
17.5 0.128 6200.0
18.5 0.107 6200.0
19.5 0.091 6200.0
20.5 0.078 6200.0
21.5 0.067 6200.0
22.5 0.059 6200.0
23.5 0.051 6200.0
24.5 0.045 6200.0
25.5 0.040 6200.0
26.5 0.036 6200.0
27.5 0.032 6200.0
28.5 0.029 6200.0
29.5 0.026 6200.0
30.5 0.025 0.0
31.5 0.025 0.0