32
100 154 0.050 7.0
0.5 0.050 0.0
1.5 0.050 0.0
2.5 0.050 0.0
3.5 0.700 158.2
4.5 0.700 410.3
5.5 0.700 803.5
6.5 0.700 1369.1
7.5 0.700 2138.5
8.5 0.700 3143.0
9.5 0.700 4414.0
10.5 0.689 5913.5
11.5 0.582 6856.1
12.5 0.441 6995.3
13.5 0.340 6999.9
14.5 0.269 7000.0
15.5 0.218 7000.0
16.5 0.179 7000.0
17.5 0.149 7000.0
18.5 0.125 7000.0
19.5 0.106 7000.0
20.5 0.091 7000.0
21.5 0.079 7000.0
22.5 0.069 7000.0
23.5 0.060 7000.0
24.5 0.053 7000.0
25.5 0.050 0.0
26.5 0.050 0.0
27.5 0.050 0.0
28.5 0.050 0.0
29.5 0.050 0.0
30.5 0.050 0.0
31.5 0.050 0.0