32
90 120 0.035 4.0
0.5 0.035 0.0
1.5 0.035 0.0
2.5 0.035 0.0
3.5 0.035 0.0
4.5 0.889 251.5
5.5 0.889 490.2
6.5 0.889 833.6
7.5 0.889 1300.8
8.5 0.889 1910.8
9.5 0.889 2682.2
10.5 0.870 3546.1
11.5 0.703 3958.4
12.5 0.529 3999.1
13.5 0.409 4000.0
14.5 0.324 4000.0
15.5 0.262 4000.0
16.5 0.216 4000.0
17.5 0.179 4000.0
18.5 0.151 4000.0
19.5 0.129 4000.0
20.5 0.110 4000.0
21.5 0.095 4000.0
22.5 0.083 4000.0
23.5 0.073 4000.0
24.5 0.064 4000.0
25.5 0.057 4000.0
26.5 0.051 4000.0
27.5 0.045 4000.0
28.5 0.041 4000.0
29.5 0.037 4000.0
30.5 0.035 2857.1
31.5 0.035 952.4