23
256 263.0 0.03462143 18.0
3.0 0.0 0.0
4.0 0.405719888 864.0
5.0 0.357754781 1488.0
6.0 0.379562365 2728.0
7.0 0.401645604 4584.0
8.0 0.414231084 7057.0
9.0 0.418273026 10146.0
10.0 0.416298659 13852.0
11.0 0.406431143 18000.0
12.0 0.313055469 18000.0
13.0 0.246226605 18000.0
14.0 0.197142803 18000.0
15.0 0.1602844 18000.0
16.0 0.132070276 18000.0
17.0 0.110107847 18000.0
18.0 0.092757176 18000.0
19.0 0.078868618 18000.0
20.0 0.067619981 18000.0
21.0 0.058412682 18000.0
22.0 0.050803893 18000.0
23.0 0.044461235 18000.0
24.0 0.039131934 18000.0
25.0 0.03462143 18000.0
