22
90.0 120.0 0.062 3.6
3.5 1.088 101.48763047587737
4.5 0.984 215.69820004931373
5.5 0.906 393.8193474151393
6.5 0.85 650.0534231938851
7.5 0.811 998.6027780060821
8.5 0.802 1453.669762472261
9.5 0.801 2029.4567272129532
10.5 0.781 2740.166022848689
11.5 0.659 3600.0
12.5 0.459 3600.0
13.5 0.348 3600.0
14.5 0.275 3600.0
15.5 0.223 3600.0
16.5 0.184 3600.0
17.5 0.155 3600.0
18.5 0.132 3600.0
19.5 0.114 3600.0
20.5 0.099 3600.0
21.5 0.087 3600.0
22.5 0.077 3600.0
23.5 0.069 3600.0
24.5 0.062 3600.0
