32
90 120 0.027 4.0
0.5 0.027 0.0
1.5 0.027 0.0
2.5 0.027 0.0
3.5 0.027 0.0
4.5 0.700 251.5
5.5 0.700 490.2
6.5 0.700 833.6
7.5 0.700 1300.8
8.5 0.700 1910.8
9.5 0.700 2682.2
10.5 0.676 3546.1
11.5 0.547 3958.4
12.5 0.412 3999.1
13.5 0.318 4000.0
14.5 0.252 4000.0
15.5 0.204 4000.0
16.5 0.168 4000.0
17.5 0.140 4000.0
18.5 0.118 4000.0
19.5 0.100 4000.0
20.5 0.086 4000.0
21.5 0.074 4000.0
22.5 0.065 4000.0
23.5 0.057 4000.0
24.5 0.050 4000.0
25.5 0.044 4000.0
26.5 0.039 4000.0
27.5 0.035 4000.0
28.5 0.032 4000.0
29.5 0.028 4000.0
30.5 0.027 2857.1
31.5 0.027 952.4