32
89.5 130 0.052 4.0
0.5 0.052 0.0
1.5 0.052 0.0
2.5 0.052 0.0
3.5 0.052 0.0
4.5 0.052 0.0
5.5 0.889 581.9
6.5 0.889 984.9
7.5 0.889 1533.2
8.5 0.889 2249.0
9.5 0.889 3143.9
10.5 0.786 3862.6
11.5 0.587 3995.7
12.5 0.442 4000.0
13.5 0.344 4000.0
14.5 0.274 4000.0
15.5 0.222 4000.0
16.5 0.183 4000.0
17.5 0.152 4000.0
18.5 0.128 4000.0
19.5 0.109 4000.0
20.5 0.094 4000.0
21.5 0.081 4000.0
22.5 0.071 4000.0
23.5 0.062 4000.0
24.5 0.054 4000.0
25.5 0.052 0.0
26.5 0.052 0.0
27.5 0.052 0.0
28.5 0.052 0.0
29.5 0.052 0.0
30.5 0.052 0.0
31.5 0.052 0.0