50
125 190 0.050 11.0
4.0 0.928 416.9006884521102
4.428571428571429 0.9262995113538374 602.9549019379913
4.857142857142857 0.9245748778384594 828.5410835456233
5.285714285714286 0.9194961294862772 1097.4505342688594
5.714285714285714 0.9127403237156932 1413.8719924118989
6.142857142857142 0.9067072078578652 1781.6805742979302
6.571428571428571 0.9023738263758486 2204.2983709151613
7.0 0.8980404448938322 2685.5168637379156
7.428571428571429 0.8937070634118157 3230.158956012583
7.857142857142857 0.8893736819297993 3841.0908157317695
8.285714285714285 0.8745779790940768 4521.982810655946
8.714285714285715 0.8549264111498257 5275.921466530412
9.142857142857142 0.8311932129173509 6099.396585584546
9.571428571428571 0.7976920703486579 6972.075660607496
10.0 0.76622030237581 7849.765598623705
10.428571428571429 0.738024188958452 8668.411787722584
10.857142857142858 0.6337701634159199 9369.97570244586
11.285714285714285 0.5349569707401034 9921.76665937151
11.714285714285714 0.4609072444143535 10321.221986220498
12.142857142857142 0.4056755447941889 10590.465770217392
12.571428571428571 0.3622924430641822 10761.935513618912
13.0 0.3195905797101449 10865.824233706939
13.428571428571429 0.2899876314162028 10925.8315221848
13.857142857142856 0.2612306740878169 10959.75234911123
14.285714285714285 0.2386158578263841 10978.460736034147
14.714285714285714 0.2176999316473 10988.550310923281
15.142857142857142 0.1987759253594371 10993.930332912392
15.571428571428571 0.1836336800244723 10996.791642173781
16.0 0.1691455223880597 10998.304963190192
16.428571428571427 0.1579514925373135 10999.097261894796
16.857142857142854 0.1470442176870749 10999.51751457581
17.285714285714285 0.1368401360544218 10999.740867152375
17.714285714285715 0.1266560536237955 10999.859570036764
18.142857142857142 0.1178582949308756 10999.923131789474
18.57142857142857 0.1115218894009217 10999.957597040682
19.0 0.1048884462151394 10999.976414481198
19.428571428571427 0.0980586226522481 10999.986694276906
19.85714285714285 0.0912287990893569 10999.992424950837
20.285714285714285 0.0868497920495212 10999.995647043652
20.71428571428571 0.0836579940032885 10999.997468752768
21.142857142857142 0.0804661959570558 10999.998510367734
21.57142857142857 0.0772619047619047 10999.999114862652
22.0 0.0740151515151515 10999.999468937005
22.428571428571427 0.0707464705301609 10999.99967693563
22.857142857142858 0.0671923190838187 10999.99980153626
23.285714285714285 0.0636381676374765 10999.999876858168
23.71428571428571 0.0600840161911343 10999.999922665254
24.142857142857142 0.0566790352504638 10999.999950820671
24.57142857142857 0.0533395176252319 10999.99996836611
25.0 0.05 10999.999979400442
