32
100 154 0.058 7.0
0.5 0.058 0.0
1.5 0.058 0.0
2.5 0.058 0.0
3.5 0.800 158.2
4.5 0.800 410.3
5.5 0.800 803.5
6.5 0.800 1369.1
7.5 0.800 2138.5
8.5 0.800 3143.0
9.5 0.800 4414.0
10.5 0.787 5913.5
11.5 0.665 6856.1
12.5 0.504 6995.3
13.5 0.389 6999.9
14.5 0.308 7000.0
15.5 0.249 7000.0
16.5 0.204 7000.0
17.5 0.170 7000.0
18.5 0.143 7000.0
19.5 0.122 7000.0
20.5 0.104 7000.0
21.5 0.090 7000.0
22.5 0.078 7000.0
23.5 0.069 7000.0
24.5 0.061 7000.0
25.5 0.058 0.0
26.5 0.058 0.0
27.5 0.058 0.0
28.5 0.058 0.0
29.5 0.058 0.0
30.5 0.058 0.0
31.5 0.058 0.0