32
100 154 0.065 7.0
0.5 0.065 0.0
1.5 0.065 0.0
2.5 0.065 0.0
3.5 0.889 158.2
4.5 0.889 410.3
5.5 0.889 803.5
6.5 0.889 1369.1
7.5 0.889 2138.5
8.5 0.889 3143.0
9.5 0.889 4414.0
10.5 0.885 5913.5
11.5 0.749 6856.1
12.5 0.567 6995.3
13.5 0.437 6999.9
14.5 0.346 7000.0
15.5 0.280 7000.0
16.5 0.230 7000.0
17.5 0.191 7000.0
18.5 0.161 7000.0
19.5 0.137 7000.0
20.5 0.117 7000.0
21.5 0.101 7000.0
22.5 0.088 7000.0
23.5 0.077 7000.0
24.5 0.068 7000.0
25.5 0.065 0.0
26.5 0.065 0.0
27.5 0.065 0.0
28.5 0.065 0.0
29.5 0.065 0.0
30.5 0.065 0.0
31.5 0.065 0.0