32
100 154 0.028 6.0
0.5 0.028 0.0
1.5 0.028 0.0
2.5 0.028 0.0
3.5 0.028 0.0
4.5 0.450 419.7
5.5 0.450 812.9
6.5 0.450 1378.5
7.5 0.450 2147.9
8.5 0.450 3152.4
9.5 0.449 4418.9
10.5 0.414 5635.4
11.5 0.317 5981.9
12.5 0.238 5999.8
13.5 0.185 6000.0
14.5 0.147 6000.0
15.5 0.119 6000.0
16.5 0.098 6000.0
17.5 0.081 6000.0
18.5 0.069 6000.0
19.5 0.058 6000.0
20.5 0.050 6000.0
21.5 0.043 6000.0
22.5 0.038 6000.0
23.5 0.033 6000.0
24.5 0.029 6000.0
25.5 0.028 0.0
26.5 0.028 0.0
27.5 0.028 0.0
28.5 0.028 0.0
29.5 0.028 0.0
30.5 0.028 0.0
31.5 0.028 0.0