32
89.5 130 0.026 4.0
0.5 0.026 0.0
1.5 0.026 0.0
2.5 0.026 0.0
3.5 0.026 0.0
4.5 0.026 0.0
5.5 0.450 581.9
6.5 0.450 984.9
7.5 0.450 1533.2
8.5 0.450 2249.0
9.5 0.448 3143.9
10.5 0.393 3862.6
11.5 0.293 3995.7
12.5 0.221 4000.0
13.5 0.172 4000.0
14.5 0.137 4000.0
15.5 0.111 4000.0
16.5 0.091 4000.0
17.5 0.076 4000.0
18.5 0.064 4000.0
19.5 0.055 4000.0
20.5 0.047 4000.0
21.5 0.041 4000.0
22.5 0.035 4000.0
23.5 0.031 4000.0
24.5 0.027 4000.0
25.5 0.026 0.0
26.5 0.026 0.0
27.5 0.026 0.0
28.5 0.026 0.0
29.5 0.026 0.0
30.5 0.026 0.0
31.5 0.026 0.0