32
110 164 0.065 8.0
0.5 0.065 0.0
1.5 0.065 0.0
2.5 0.065 0.0
3.5 0.065 0.0
4.5 0.889 464.7
5.5 0.889 910.6
6.5 0.889 1552.1
7.5 0.889 2424.7
8.5 0.889 3563.9
9.5 0.889 5005.2
10.5 0.887 6713.7
11.5 0.754 7821.6
12.5 0.572 7993.9
13.5 0.441 7999.9
14.5 0.349 8000.0
15.5 0.282 8000.0
16.5 0.232 8000.0
17.5 0.193 8000.0
18.5 0.162 8000.0
19.5 0.138 8000.0
20.5 0.118 8000.0
21.5 0.102 8000.0
22.5 0.089 8000.0
23.5 0.078 8000.0
24.5 0.069 8000.0
25.5 0.065 0.0
26.5 0.065 0.0
27.5 0.065 0.0
28.5 0.065 0.0
29.5 0.065 0.0
30.5 0.065 0.0
31.5 0.065 0.0