32
90 120 0.031 4.0
0.5 0.031 0.0
1.5 0.031 0.0
2.5 0.031 0.0
3.5 0.031 0.0
4.5 0.800 251.5
5.5 0.800 490.2
6.5 0.800 833.6
7.5 0.800 1300.8
8.5 0.800 1910.8
9.5 0.800 2682.2
10.5 0.773 3546.1
11.5 0.625 3958.4
12.5 0.471 3999.1
13.5 0.364 4000.0
14.5 0.288 4000.0
15.5 0.233 4000.0
16.5 0.192 4000.0
17.5 0.160 4000.0
18.5 0.134 4000.0
19.5 0.114 4000.0
20.5 0.098 4000.0
21.5 0.085 4000.0
22.5 0.074 4000.0
23.5 0.065 4000.0
24.5 0.057 4000.0
25.5 0.050 4000.0
26.5 0.045 4000.0
27.5 0.040 4000.0
28.5 0.036 4000.0
29.5 0.032 4000.0
30.5 0.031 2857.1
31.5 0.031 952.4