32
89.5 130 0.040 4.0
0.5 0.040 0.0
1.5 0.040 0.0
2.5 0.040 0.0
3.5 0.040 0.0
4.5 0.040 0.0
5.5 0.700 581.9
6.5 0.700 984.9
7.5 0.700 1533.2
8.5 0.700 2249.0
9.5 0.697 3143.9
10.5 0.611 3862.6
11.5 0.456 3995.7
12.5 0.344 4000.0
13.5 0.268 4000.0
14.5 0.213 4000.0
15.5 0.173 4000.0
16.5 0.142 4000.0
17.5 0.118 4000.0
18.5 0.100 4000.0
19.5 0.085 4000.0
20.5 0.073 4000.0
21.5 0.063 4000.0
22.5 0.055 4000.0
23.5 0.048 4000.0
24.5 0.042 4000.0
25.5 0.040 0.0
26.5 0.040 0.0
27.5 0.040 0.0
28.5 0.040 0.0
29.5 0.040 0.0
30.5 0.040 0.0
31.5 0.040 0.0