32
100 151 0.045 6.0
0.5 0.045 0.0
1.5 0.045 0.0
2.5 0.045 0.0
3.5 0.700 158.9
4.5 0.700 401.3
5.5 0.700 779.3
6.5 0.700 1323.1
7.5 0.700 2062.9
8.5 0.700 3028.6
9.5 0.700 4248.7
10.5 0.660 5514.9
11.5 0.515 5968.7
12.5 0.387 5999.5
13.5 0.300 6000.0
14.5 0.238 6000.0
15.5 0.193 6000.0
16.5 0.158 6000.0
17.5 0.132 6000.0
18.5 0.111 6000.0
19.5 0.095 6000.0
20.5 0.081 6000.0
21.5 0.070 6000.0
22.5 0.061 6000.0
23.5 0.054 6000.0
24.5 0.047 6000.0
25.5 0.045 0.0
26.5 0.045 0.0
27.5 0.045 0.0
28.5 0.045 0.0
29.5 0.045 0.0
30.5 0.045 0.0
31.5 0.045 0.0