32
150 236 0.034 15
0.5 0.034 0.0
1.5 0.034 0.0
2.5 0.034 0.0
3.5 0.889 385.0
4.5 0.889 977.1
5.5 0.889 1900.5
6.5 0.889 3228.8
7.5 0.889 5035.7
8.5 0.889 7394.8
9.5 0.889 10377.0
10.5 0.858 13586.9
11.5 0.679 14893.7
12.5 0.511 14998.0
13.5 0.396 15000.0
14.5 0.314 15000.0
15.5 0.254 15000.0
16.5 0.209 15000.0
17.5 0.174 15000.0
18.5 0.146 15000.0
19.5 0.125 15000.0
20.5 0.107 15000.0
21.5 0.092 15000.0
22.5 0.080 15000.0
23.5 0.070 15000.0
24.5 0.062 15000.0
25.5 0.055 15000.0
26.5 0.049 15000.0
27.5 0.044 15000.0
28.5 0.039 15000.0
29.5 0.035 15000.0
30.5 0.034 6818.2
31.5 0.034 0.0