32
100 154 0.043 6.0
0.5 0.043 0.0
1.5 0.043 0.0
2.5 0.043 0.0
3.5 0.043 0.0
4.5 0.700 419.7
5.5 0.700 812.9
6.5 0.700 1378.5
7.5 0.700 2147.9
8.5 0.700 3152.4
9.5 0.699 4418.9
10.5 0.644 5635.4
11.5 0.493 5981.9
12.5 0.371 5999.8
13.5 0.287 6000.0
14.5 0.228 6000.0
15.5 0.185 6000.0
16.5 0.152 6000.0
17.5 0.127 6000.0
18.5 0.107 6000.0
19.5 0.091 6000.0
20.5 0.078 6000.0
21.5 0.067 6000.0
22.5 0.059 6000.0
23.5 0.051 6000.0
24.5 0.045 6000.0
25.5 0.043 0.0
26.5 0.043 0.0
27.5 0.043 0.0
28.5 0.043 0.0
29.5 0.043 0.0
30.5 0.043 0.0
31.5 0.043 0.0