43
110 164.0 0.04 8.0
4.0 0.13 110.0
4.5 0.3 350.0
5.0 0.37 600.0
5.5 0.39 850.0
6.0 0.41 1140.0
6.5 0.42 1490.0
7.0 0.43 1900.0
7.5 0.43 2370.0
8.0 0.44 2900.0
8.5 0.44 3500.0
9.0 0.44 4155.0
9.5 0.44 4870.0
10.0 0.44 5630.0
10.5 0.43 6420.0
11.0 0.42 7150.0
11.5 0.39 7610.0
12.0 0.35 7865.0
12.5 0.31 7940.0
13.0 0.28 7970.0
13.5 0.25 8000.0
14.0 0.23 8000.0
14.5 0.2 8000.0
15.0 0.18 8000.0
15.5 0.17 8000.0
16.0 0.15 8000.0
16.5 0.14 8000.0
17.0 0.13 8000.0
17.5 0.12 8000.0
18.0 0.11 8000.0
18.5 0.1 8000.0
19.0 0.09 8000.0
19.5 0.08 8000.0
20.0 0.08 8000.0
20.5 0.07 8000.0
21.0 0.07 8000.0
21.5 0.06 8000.0
22.0 0.06 8000.0
22.5 0.05 8000.0
23.0 0.05 8000.0
23.5 0.05 8000.0
24.0 0.04 8000.0
24.5 0.04 8000.0
25.0 0.04 8000.0
