32
150 236 0.030 15
0.5 0.030 0.0
1.5 0.030 0.0
2.5 0.030 0.0
3.5 0.800 385.0
4.5 0.800 977.1
5.5 0.800 1900.5
6.5 0.800 3228.8
7.5 0.800 5035.7
8.5 0.800 7394.8
9.5 0.800 10377.0
10.5 0.763 13586.9
11.5 0.604 14893.7
12.5 0.454 14998.0
13.5 0.352 15000.0
14.5 0.279 15000.0
15.5 0.226 15000.0
16.5 0.186 15000.0
17.5 0.155 15000.0
18.5 0.130 15000.0
19.5 0.111 15000.0
20.5 0.095 15000.0
21.5 0.082 15000.0
22.5 0.071 15000.0
23.5 0.063 15000.0
24.5 0.055 15000.0
25.5 0.049 15000.0
26.5 0.044 15000.0
27.5 0.039 15000.0
28.5 0.035 15000.0
29.5 0.031 15000.0
30.5 0.030 6818.2
31.5 0.030 0.0