32
100 154 0.032 7.0
0.5 0.032 0.0
1.5 0.032 0.0
2.5 0.032 0.0
3.5 0.450 158.2
4.5 0.450 410.3
5.5 0.450 803.5
6.5 0.450 1369.1
7.5 0.450 2138.5
8.5 0.450 3143.0
9.5 0.450 4414.0
10.5 0.443 5913.5
11.5 0.374 6856.1
12.5 0.284 6995.3
13.5 0.219 6999.9
14.5 0.173 7000.0
15.5 0.140 7000.0
16.5 0.115 7000.0
17.5 0.096 7000.0
18.5 0.080 7000.0
19.5 0.068 7000.0
20.5 0.059 7000.0
21.5 0.051 7000.0
22.5 0.044 7000.0
23.5 0.039 7000.0
24.5 0.034 7000.0
25.5 0.032 0.0
26.5 0.032 0.0
27.5 0.032 0.0
28.5 0.032 0.0
29.5 0.032 0.0
30.5 0.032 0.0
31.5 0.032 0.0