32
90 116 0.073 5.0
0.5 0.073 0.0
1.5 0.073 0.0
2.5 0.073 0.0
3.5 0.800 80.1
4.5 0.800 223.1
5.5 0.800 446.2
6.5 0.800 767.1
7.5 0.800 1203.7
8.5 0.800 1773.6
9.5 0.800 2494.8
10.5 0.800 3384.4
11.5 0.778 4373.0
12.5 0.652 4916.8
13.5 0.504 4996.7
14.5 0.396 4999.9
15.5 0.318 5000.0
16.5 0.260 5000.0
17.5 0.216 5000.0
18.5 0.181 5000.0
19.5 0.154 5000.0
20.5 0.132 5000.0
21.5 0.114 5000.0
22.5 0.099 5000.0
23.5 0.087 5000.0
24.5 0.076 5000.0
25.5 0.073 0.0
26.5 0.073 0.0
27.5 0.073 0.0
28.5 0.073 0.0
29.5 0.073 0.0
30.5 0.073 0.0
31.5 0.073 0.0