39
150.0 240.0 0.0458 15.0
3.0 0.8197 70.0
3.5 0.8011 300.0
4.0 0.8083 600.0
4.5 0.8219 960.0
4.75 0.8229 1190.0
5.0 0.8233 1430.0
5.25 0.831 1700.0
6.0 0.8349 2660.0
6.2 0.8336 2960.0
6.4 0.8318 3280.0
6.5 0.829 3440.0
6.7 0.8204 3790.0
6.8 0.8162 3970.0
6.9 0.8112 4160.0
7.0 0.8067 4340.0
7.5 0.8055 5340.0
8.0 0.8046 6480.0
8.5 0.8039 7770.0
9.0 0.8039 9230.0
9.5 0.8037 10860.0
10.0 0.8035 12660.0
10.25 0.8017 13640.0
10.5 0.8018 14660.0
10.6 0.7687 14990.0
10.7 0.7073 14990.0
10.8 0.6676 14990.0
10.9 0.6353 14990.0
11.0 0.6073 14990.0
11.25 0.549 14990.0
11.5 0.5014 14990.0
11.75 0.461 14990.0
12.0 0.426 14990.0
13.0 0.3212 14990.0
14.0 0.2511 14990.0
15.0 0.2014 14990.0
17.5 0.1257 14990.0
20.0 0.0851 14990.0
22.5 0.061 15000.0
25.0 0.0458 15000.0
