32
100 154 0.055 6.0
0.5 0.055 0.0
1.5 0.055 0.0
2.5 0.055 0.0
3.5 0.055 0.0
4.5 0.889 419.7
5.5 0.889 812.9
6.5 0.889 1378.5
7.5 0.889 2147.9
8.5 0.889 3152.4
9.5 0.889 4418.9
10.5 0.828 5635.4
11.5 0.633 5981.9
12.5 0.476 5999.8
13.5 0.370 6000.0
14.5 0.294 6000.0
15.5 0.238 6000.0
16.5 0.196 6000.0
17.5 0.163 6000.0
18.5 0.137 6000.0
19.5 0.117 6000.0
20.5 0.100 6000.0
21.5 0.087 6000.0
22.5 0.075 6000.0
23.5 0.066 6000.0
24.5 0.058 6000.0
25.5 0.055 0.0
26.5 0.055 0.0
27.5 0.055 0.0
28.5 0.055 0.0
29.5 0.055 0.0
30.5 0.055 0.0
31.5 0.055 0.0