32
96 126 0.038 6.2
0.5 0.038 0.0
1.5 0.038 0.0
2.5 0.038 0.0
3.5 0.700 91.6
4.5 0.700 260.4
5.5 0.700 523.6
6.5 0.700 902.3
7.5 0.700 1417.3
8.5 0.700 2089.8
9.5 0.700 2940.6
10.5 0.700 3990.7
11.5 0.690 5205.7
12.5 0.599 6026.8
13.5 0.467 6190.8
14.5 0.366 6199.8
15.5 0.294 6200.0
16.5 0.240 6200.0
17.5 0.199 6200.0
18.5 0.167 6200.0
19.5 0.142 6200.0
20.5 0.122 6200.0
21.5 0.105 6200.0
22.5 0.091 6200.0
23.5 0.080 6200.0
24.5 0.070 6200.0
25.5 0.062 6200.0
26.5 0.055 6200.0
27.5 0.050 6200.0
28.5 0.044 6200.0
29.5 0.040 6200.0
30.5 0.038 0.0
31.5 0.038 0.0