32
100 154 0.049 6.0
0.5 0.049 0.0
1.5 0.049 0.0
2.5 0.049 0.0
3.5 0.049 0.0
4.5 0.800 419.7
5.5 0.800 812.9
6.5 0.800 1378.5
7.5 0.800 2147.9
8.5 0.800 3152.4
9.5 0.799 4418.9
10.5 0.736 5635.4
11.5 0.563 5981.9
12.5 0.424 5999.8
13.5 0.329 6000.0
14.5 0.261 6000.0
15.5 0.211 6000.0
16.5 0.174 6000.0
17.5 0.145 6000.0
18.5 0.122 6000.0
19.5 0.104 6000.0
20.5 0.089 6000.0
21.5 0.077 6000.0
22.5 0.067 6000.0
23.5 0.059 6000.0
24.5 0.052 6000.0
25.5 0.049 0.0
26.5 0.049 0.0
27.5 0.049 0.0
28.5 0.049 0.0
29.5 0.049 0.0
30.5 0.049 0.0
31.5 0.049 0.0