23
136 214.0 0.034860828 12.0
3.0 0.0 0.0
4.0 0.41136231 580.0
5.0 0.357686621 985.0
6.0 0.378684487 1802.0
7.0 0.400982101 3030.0
8.0 0.413933325 4669.0
9.0 0.418425577 6720.0
10.0 0.416786619 9182.0
11.0 0.409241502 12000.0
12.0 0.315220161 12000.0
13.0 0.247929194 12000.0
14.0 0.198505991 12000.0
15.0 0.161392723 12000.0
16.0 0.132983506 12000.0
17.0 0.110869212 12000.0
18.0 0.093398566 12000.0
19.0 0.079413973 12000.0
20.0 0.068087555 12000.0
21.0 0.05881659 12000.0
22.0 0.051155188 12000.0
23.0 0.044768673 12000.0
24.0 0.03940252 12000.0
25.0 0.034860828 12000.0
