32
110 164 0.058 8.0
0.5 0.058 0.0
1.5 0.058 0.0
2.5 0.058 0.0
3.5 0.058 0.0
4.5 0.800 464.7
5.5 0.800 910.6
6.5 0.800 1552.1
7.5 0.800 2424.7
8.5 0.800 3563.9
9.5 0.800 5005.2
10.5 0.788 6713.7
11.5 0.671 7821.6
12.5 0.509 7993.9
13.5 0.392 7999.9
14.5 0.310 8000.0
15.5 0.251 8000.0
16.5 0.206 8000.0
17.5 0.171 8000.0
18.5 0.144 8000.0
19.5 0.123 8000.0
20.5 0.105 8000.0
21.5 0.091 8000.0
22.5 0.079 8000.0
23.5 0.069 8000.0
24.5 0.061 8000.0
25.5 0.058 0.0
26.5 0.058 0.0
27.5 0.058 0.0
28.5 0.058 0.0
29.5 0.058 0.0
30.5 0.058 0.0
31.5 0.058 0.0