32
100 151 0.029 6.0
0.5 0.029 0.0
1.5 0.029 0.0
2.5 0.029 0.0
3.5 0.450 158.9
4.5 0.450 401.3
5.5 0.450 779.3
6.5 0.450 1323.1
7.5 0.450 2062.9
8.5 0.450 3028.6
9.5 0.450 4248.7
10.5 0.424 5514.9
11.5 0.331 5968.7
12.5 0.249 5999.5
13.5 0.193 6000.0
14.5 0.153 6000.0
15.5 0.124 6000.0
16.5 0.102 6000.0
17.5 0.085 6000.0
18.5 0.071 6000.0
19.5 0.061 6000.0
20.5 0.052 6000.0
21.5 0.045 6000.0
22.5 0.039 6000.0
23.5 0.034 6000.0
24.5 0.030 6000.0
25.5 0.029 0.0
26.5 0.029 0.0
27.5 0.029 0.0
28.5 0.029 0.0
29.5 0.029 0.0
30.5 0.029 0.0
31.5 0.029 0.0