32
140 200 0.031 11
0.5 0.031 0.0
1.5 0.031 0.0
2.5 0.031 0.0
3.5 0.031 0.0
4.5 0.800 699.6
5.5 0.800 1362.7
6.5 0.800 2316.7
7.5 0.800 3614.4
8.5 0.800 5308.7
9.5 0.800 7451.3
10.5 0.770 9823.0
11.5 0.618 10898.9
12.5 0.465 10997.9
13.5 0.360 11000.0
14.5 0.285 11000.0
15.5 0.231 11000.0
16.5 0.190 11000.0
17.5 0.158 11000.0
18.5 0.133 11000.0
19.5 0.113 11000.0
20.5 0.097 11000.0
21.5 0.084 11000.0
22.5 0.073 11000.0
23.5 0.064 11000.0
24.5 0.056 11000.0
25.5 0.050 11000.0
26.5 0.044 11000.0
27.5 0.040 11000.0
28.5 0.036 11000.0
29.5 0.032 11000.0
30.5 0.031 7857.1
31.5 0.031 2619.0