59
150 240.0 0.037062292 14.99762687
2.999999831 0.100335552 70.021377
3.499999916 0.272197208 301.9937
4.0 0.359305118 595.088475
4.500000084 0.409156685 964.887394
4.750000126 0.42729002 1185.081978
5.000000169 0.441819614 1429.216889
5.249999874 0.452708049 1695.245223
5.999999663 0.475270298 2656.263808
6.199999966 0.479478644 2957.216831
6.40000027 0.482871263 3275.743373
6.499999747 0.484447627 3442.669566
6.55000016 0.485186337 3528.654678
6.599999899 0.485905846 3614.989064
6.700000051 0.487114154 3791.164267
6.800000202 0.488094793 3971.967845
6.900000354 0.488866488 4155.58904
6.919999845 0.488988058 4192.387051
6.929999928 0.489050152 4210.773549
6.94000001 0.489088858 4228.841377
6.950000093 0.489114531 4247.186435
6.960000175 0.489127764 4265.458105
6.969999584 0.48915576 4283.898392
6.980000341 0.489165047 4301.948494
6.989999749 0.489154466 4320.289911
6.999999831 0.489163867 4339.296326
7.499999916 0.489224161 5338.82324
8.0 0.489263048 6481.116995
8.500000084 0.48928802 7774.570984
9.000000169 0.489293116 9229.227024
9.500000253 0.489304304 10855.04374
10.00000034 0.489319143 12661.25448
10.2499997 0.48938292 13638.148
10.49999975 0.489378059 14660.65727
10.60000057 0.486507177 14994.84635
10.70000005 0.472991558 14994.64979
10.72000022 0.470349316 14994.61195
10.73999971 0.467724941 14994.55374
10.76000055 0.465119143 14994.52082
10.78000004 0.462537044 14994.55424
10.78400034 0.462021882 14994.52965
10.78600049 0.461765284 14994.53211
10.78699989 0.461636557 14994.53141
10.78799997 0.46150846 14994.51543
10.78899937 0.461380941 14994.52466
10.78950042 0.461317766 14994.59142
10.8000002 0.459972382 14994.53984
10.89999968 0.447424184 14994.4265
10.99999983 0.435324299 14994.26629
11.24999987 0.406934831 14994.02192
11.50000059 0.380965216 14994.10762
11.75000063 0.357157168 14994.17514
11.99999933 0.335295525 14994.17331
12.99999949 0.263718683 14994.76256
13.99999966 0.211136579 14994.76121
14.99999983 0.171651956 14994.75771
17.50000025 0.108080744 14994.82665
20.00000067 0.072394937 14994.82754
22.49999975 0.050842443 14996.27008
24.99999882 0.037062292 14997.62687
