32
89.5 130 0.046 4.0
0.5 0.046 0.0
1.5 0.046 0.0
2.5 0.046 0.0
3.5 0.046 0.0
4.5 0.046 0.0
5.5 0.800 581.9
6.5 0.800 984.9
7.5 0.800 1533.2
8.5 0.800 2249.0
9.5 0.796 3143.9
10.5 0.699 3862.6
11.5 0.522 3995.7
12.5 0.393 4000.0
13.5 0.306 4000.0
14.5 0.243 4000.0
15.5 0.197 4000.0
16.5 0.162 4000.0
17.5 0.135 4000.0
18.5 0.114 4000.0
19.5 0.097 4000.0
20.5 0.083 4000.0
21.5 0.072 4000.0
22.5 0.063 4000.0
23.5 0.055 4000.0
24.5 0.048 4000.0
25.5 0.046 0.0
26.5 0.046 0.0
27.5 0.046 0.0
28.5 0.046 0.0
29.5 0.046 0.0
30.5 0.046 0.0
31.5 0.046 0.0