32
100 155.0 0.033225525 6.0
1.0 0.0 0.0
2.0 0.0 0.0
3.0 0.0 0.0
4.0 0.332579719 246.0
4.5 0.366513852 386.0
5.0 0.389015523 562.0
5.5 0.403565732 776.0
6.0 0.413796868 1033.0
6.5 0.421242291 1337.0
7.0 0.426569811 1691.0
7.5 0.430701252 2100.0
8.0 0.433806981 2567.0
8.5 0.436199139 3096.0
9.0 0.438083752 3691.0
9.5 0.439600001 4356.0
10.0 0.440584307 5092.0
10.5 0.420057794 5620.0
11.0 0.380943169 5860.0
12.0 0.300433351 6000.0
13.0 0.236298967 6000.0
14.0 0.18919418 6000.0
15.0 0.153821876 6000.0
16.0 0.12674532 6000.0
17.0 0.105668396 6000.0
18.0 0.089017289 6000.0
19.0 0.075688705 6000.0
20.0 0.064893604 6000.0
21.0 0.056057535 6000.0
22.0 0.048755525 6000.0
23.0 0.042668598 6000.0
24.0 0.037554169 6000.0
25.0 0.033225525 6000.0
