32
80 107 0.061 3.6
0.5 0.061 0.0
1.5 0.061 0.0
2.5 0.061 0.0
3.5 0.061 0.0
4.5 0.800 196.0
5.5 0.800 385.8
6.5 0.800 658.9
7.5 0.800 1030.3
8.5 0.800 1515.2
9.5 0.800 2128.8
10.5 0.795 2873.0
11.5 0.705 3462.4
12.5 0.542 3593.3
13.5 0.417 3599.9
14.5 0.330 3600.0
15.5 0.266 3600.0
16.5 0.218 3600.0
17.5 0.181 3600.0
18.5 0.153 3600.0
19.5 0.130 3600.0
20.5 0.111 3600.0
21.5 0.096 3600.0
22.5 0.084 3600.0
23.5 0.073 3600.0
24.5 0.065 3600.0
25.5 0.061 0.0
26.5 0.061 0.0
27.5 0.061 0.0
28.5 0.061 0.0
29.5 0.061 0.0
30.5 0.061 0.0
31.5 0.061 0.0