26
125 190 0.057 11.0
0.000 0.889 0.000
1.000 0.889 0.000
2.000 0.889 0.432
3.000 0.801 116.261
4.000 0.800 416.901
5.000 0.800 912.906
6.000 0.800 1652.849
7.000 0.800 2685.517
8.000 0.800 4059.680
9.000 0.799 5817.634
10.000 0.775 7849.766
11.000 0.686 9572.179
12.000 0.556 10513.834
13.000 0.437 10865.824
14.000 0.345 10967.355
15.000 0.276 10992.515
16.000 0.225 10998.305
17.000 0.186 10999.609
18.000 0.156 10999.906
19.000 0.132 10999.976
20.000 0.113 10999.994
21.000 0.097 10999.998
22.000 0.084 10999.999
23.000 0.073 11000.000
24.000 0.064 11000.000
25.000 0.057 11000.000
