32
110 164 0.051 8.0
0.5 0.051 0.0
1.5 0.051 0.0
2.5 0.051 0.0
3.5 0.051 0.0
4.5 0.700 464.7
5.5 0.700 910.6
6.5 0.700 1552.1
7.5 0.700 2424.7
8.5 0.700 3563.9
9.5 0.700 5005.2
10.5 0.690 6713.7
11.5 0.587 7821.6
12.5 0.445 7993.9
13.5 0.343 7999.9
14.5 0.272 8000.0
15.5 0.219 8000.0
16.5 0.180 8000.0
17.5 0.150 8000.0
18.5 0.126 8000.0
19.5 0.107 8000.0
20.5 0.092 8000.0
21.5 0.079 8000.0
22.5 0.069 8000.0
23.5 0.061 8000.0
24.5 0.053 8000.0
25.5 0.051 0.0
26.5 0.051 0.0
27.5 0.051 0.0
28.5 0.051 0.0
29.5 0.051 0.0
30.5 0.051 0.0
31.5 0.051 0.0