32
90 116 0.064 5.0
0.5 0.064 0.0
1.5 0.064 0.0
2.5 0.064 0.0
3.5 0.700 80.1
4.5 0.700 223.1
5.5 0.700 446.2
6.5 0.700 767.1
7.5 0.700 1203.7
8.5 0.700 1773.6
9.5 0.700 2494.8
10.5 0.700 3384.4
11.5 0.681 4373.0
12.5 0.571 4916.8
13.5 0.441 4996.7
14.5 0.346 4999.9
15.5 0.278 5000.0
16.5 0.228 5000.0
17.5 0.189 5000.0
18.5 0.159 5000.0
19.5 0.135 5000.0
20.5 0.115 5000.0
21.5 0.100 5000.0
22.5 0.087 5000.0
23.5 0.076 5000.0
24.5 0.067 5000.0
25.5 0.064 0.0
26.5 0.064 0.0
27.5 0.064 0.0
28.5 0.064 0.0
29.5 0.064 0.0
30.5 0.064 0.0
31.5 0.064 0.0