32
140 200 0.035 11
0.5 0.035 0.0
1.5 0.035 0.0
2.5 0.035 0.0
3.5 0.035 0.0
4.5 0.889 699.6
5.5 0.889 1362.7
6.5 0.889 2316.7
7.5 0.889 3614.4
8.5 0.889 5308.7
9.5 0.889 7451.3
10.5 0.866 9823.0
11.5 0.695 10898.9
12.5 0.523 10997.9
13.5 0.405 11000.0
14.5 0.321 11000.0
15.5 0.260 11000.0
16.5 0.213 11000.0
17.5 0.178 11000.0
18.5 0.150 11000.0
19.5 0.127 11000.0
20.5 0.109 11000.0
21.5 0.094 11000.0
22.5 0.082 11000.0
23.5 0.072 11000.0
24.5 0.063 11000.0
25.5 0.056 11000.0
26.5 0.050 11000.0
27.5 0.045 11000.0
28.5 0.040 11000.0
29.5 0.036 11000.0
30.5 0.035 7857.1
31.5 0.035 2619.0