32
90 116 0.082 5.0
0.5 0.082 0.0
1.5 0.082 0.0
2.5 0.082 0.0
3.5 0.082 0.0
4.5 0.889 223.1
5.5 0.889 446.2
6.5 0.889 767.1
7.5 0.889 1203.7
8.5 0.889 1773.6
9.5 0.889 2494.8
10.5 0.889 3384.4
11.5 0.875 4373.0
12.5 0.734 4916.8
13.5 0.567 4996.7
14.5 0.445 4999.9
15.5 0.358 5000.0
16.5 0.293 5000.0
17.5 0.243 5000.0
18.5 0.204 5000.0
19.5 0.173 5000.0
20.5 0.148 5000.0
21.5 0.128 5000.0
22.5 0.112 5000.0
23.5 0.098 5000.0
24.5 0.086 5000.0
25.5 0.082 0.0
26.5 0.082 0.0
27.5 0.082 0.0
28.5 0.082 0.0
29.5 0.082 0.0
30.5 0.082 0.0
31.5 0.082 0.0