32
125 205.0 0.031657475 10.0
1.0 0.0 0.0
2.0 0.0 0.0
3.0 0.0 0.0
4.0 0.364030051 471.0
4.5 0.397889737 733.0
5.0 0.41906583 1059.0
5.5 0.432584773 1455.0
6.0 0.441519188 1928.0
6.5 0.447232085 2483.0
7.0 0.450663313 3125.0
7.5 0.452584648 3860.0
8.0 0.453201956 4691.0
8.5 0.452824971 5622.0
9.0 0.451561425 6655.0
9.5 0.449546304 7792.0
10.0 0.438159245 8858.0
10.5 0.402384253 9417.0
11.0 0.362977275 9767.0
12.0 0.28625466 10000.0
13.0 0.225147043 10000.0
14.0 0.180265325 10000.0
15.0 0.146562386 10000.0
16.0 0.120763685 10000.0
17.0 0.100681468 10000.0
18.0 0.084816196 10000.0
19.0 0.072116643 10000.0
20.0 0.061831007 10000.0
21.0 0.053411948 10000.0
22.0 0.04645455 10000.0
23.0 0.04065489 10000.0
24.0 0.035781832 10000.0
25.0 0.031657475 10000.0
