32
80 90 0.073 3.0
0.5 0.073 0.0
1.5 0.073 0.0
2.5 0.073 0.0
3.5 0.073 0.0
4.5 0.800 134.4
5.5 0.800 268.7
6.5 0.800 461.9
7.5 0.800 724.7
8.5 0.800 1067.7
9.5 0.800 1501.9
10.5 0.800 2037.3
11.5 0.777 2630.3
12.5 0.650 2951.8
13.5 0.502 2998.1
14.5 0.394 3000.0
15.5 0.317 3000.0
16.5 0.259 3000.0
17.5 0.215 3000.0
18.5 0.181 3000.0
19.5 0.154 3000.0
20.5 0.132 3000.0
21.5 0.114 3000.0
22.5 0.099 3000.0
23.5 0.087 3000.0
24.5 0.076 3000.0
25.5 0.073 0.0
26.5 0.073 0.0
27.5 0.073 0.0
28.5 0.073 0.0
29.5 0.073 0.0
30.5 0.073 0.0
31.5 0.073 0.0