25
136 222.0 0.032393606 12.0
1.0 0.0 0.0
2.0 0.0 0.0
3.0 0.0 0.0
4.0 0.263619841 400.0
5.0 0.385011506 1141.0
6.0 0.427454691 2189.0
7.0 0.44036042 3581.0
8.0 0.43851513 5323.0
9.0 0.438512982 7579.0
10.0 0.438536878 10397.0
11.0 0.380278058 12000.0
12.0 0.292910935 12000.0
13.0 0.230382383 12000.0
14.0 0.184457032 12000.0
15.0 0.149970399 12000.0
16.0 0.123571801 12000.0
17.0 0.103022612 12000.0
18.0 0.086788425 12000.0
19.0 0.07379357 12000.0
20.0 0.063268762 12000.0
21.0 0.054653935 12000.0
22.0 0.047534757 12000.0
23.0 0.041600238 12000.0
24.0 0.036613867 12000.0
25.0 0.032393606 12000.0
