32
100 151 0.058 6.0
0.5 0.058 0.0
1.5 0.058 0.0
2.5 0.058 0.0
3.5 0.889 158.9
4.5 0.889 401.3
5.5 0.889 779.3
6.5 0.889 1323.1
7.5 0.889 2062.9
8.5 0.889 3028.6
9.5 0.889 4248.7
10.5 0.848 5514.9
11.5 0.662 5968.7
12.5 0.498 5999.5
13.5 0.386 6000.0
14.5 0.306 6000.0
15.5 0.248 6000.0
16.5 0.204 6000.0
17.5 0.170 6000.0
18.5 0.143 6000.0
19.5 0.122 6000.0
20.5 0.104 6000.0
21.5 0.090 6000.0
22.5 0.079 6000.0
23.5 0.069 6000.0
24.5 0.061 6000.0
25.5 0.058 0.0
26.5 0.058 0.0
27.5 0.058 0.0
28.5 0.058 0.0
29.5 0.058 0.0
30.5 0.058 0.0
31.5 0.058 0.0