32
150 236 0.026 15
0.5 0.026 0.0
1.5 0.026 0.0
2.5 0.026 0.0
3.5 0.700 385.0
4.5 0.700 977.1
5.5 0.700 1900.5
6.5 0.700 3228.8
7.5 0.700 5035.7
8.5 0.700 7394.8
9.5 0.700 10377.0
10.5 0.667 13586.9
11.5 0.528 14893.7
12.5 0.398 14998.0
13.5 0.308 15000.0
14.5 0.244 15000.0
15.5 0.198 15000.0
16.5 0.162 15000.0
17.5 0.135 15000.0
18.5 0.114 15000.0
19.5 0.097 15000.0
20.5 0.083 15000.0
21.5 0.072 15000.0
22.5 0.063 15000.0
23.5 0.055 15000.0
24.5 0.048 15000.0
25.5 0.043 15000.0
26.5 0.038 15000.0
27.5 0.034 15000.0
28.5 0.031 15000.0
29.5 0.028 15000.0
30.5 0.026 6818.2
31.5 0.026 0.0