25
149 248.0 0.032446802 15.0
1.0 0.0 0.0
2.0 0.0 0.0
3.0 0.0 0.0
4.0 0.263524644 499.0
5.0 0.385035382 1424.0
6.0 0.427491622 2732.0
7.0 0.440369162 4469.0
8.0 0.438525604 6643.0
9.0 0.438549238 9459.0
10.0 0.438538807 12975.0
11.0 0.380902539 15000.0
12.0 0.293391944 15000.0
13.0 0.23076071 15000.0
14.0 0.184759941 15000.0
15.0 0.150216675 15000.0
16.0 0.123774726 15000.0
17.0 0.103191793 15000.0
18.0 0.086930946 15000.0
19.0 0.073914751 15000.0
20.0 0.06337266 15000.0
21.0 0.054743686 15000.0
22.0 0.047612817 15000.0
23.0 0.041668553 15000.0
24.0 0.036673993 15000.0
25.0 0.032446802 15000.0
