32
140 164 0.069 9.5
0.5 0.069 0.0
1.5 0.069 0.0
2.5 0.069 0.0
3.5 0.069 0.0
4.5 0.800 450.6
5.5 0.800 896.5
6.5 0.800 1538.0
7.5 0.800 2410.6
8.5 0.800 3549.8
9.5 0.800 4991.2
10.5 0.799 6767.0
11.5 0.762 8615.3
12.5 0.618 9412.5
13.5 0.476 9497.4
14.5 0.374 9500.0
15.5 0.301 9500.0
16.5 0.247 9500.0
17.5 0.205 9500.0
18.5 0.172 9500.0
19.5 0.146 9500.0
20.5 0.125 9500.0
21.5 0.108 9500.0
22.5 0.094 9500.0
23.5 0.082 9500.0
24.5 0.073 9500.0
25.5 0.069 0.0
26.5 0.069 0.0
27.5 0.069 0.0
28.5 0.069 0.0
29.5 0.069 0.0
30.5 0.069 0.0
31.5 0.069 0.0