32
96 126 0.049 6.2
0.5 0.049 0.0
1.5 0.049 0.0
2.5 0.049 0.0
3.5 0.889 91.6
4.5 0.889 260.4
5.5 0.889 523.6
6.5 0.889 902.3
7.5 0.889 1417.3
8.5 0.889 2089.8
9.5 0.889 2940.6
10.5 0.889 3990.7
11.5 0.887 5205.7
12.5 0.770 6026.8
13.5 0.600 6190.8
14.5 0.471 6199.8
15.5 0.378 6200.0
16.5 0.309 6200.0
17.5 0.256 6200.0
18.5 0.215 6200.0
19.5 0.182 6200.0
20.5 0.156 6200.0
21.5 0.135 6200.0
22.5 0.117 6200.0
23.5 0.103 6200.0
24.5 0.090 6200.0
25.5 0.080 6200.0
26.5 0.071 6200.0
27.5 0.064 6200.0
28.5 0.057 6200.0
29.5 0.051 6200.0
30.5 0.049 0.0
31.5 0.049 0.0